-10.377 -4.134 0
-7.029 -4.179 0
-6.309 -2.781 0
-6.149 -1.077 0
-8.253 -0.849 0
-12.248 -4.596 0
-8.392 -6.009 0
-13.013 -6.741 0
-7.061 -4.728 0
-10.481 -7.047 0
-10.604 -0.741 0
-13.167 -9.603 0
-9.633 -6.09 0
-11.39 -3.192 0
-10.463 -7.752 0
-11.641 -7.821 0
-10.27 -2.19 0
-7.892 -1.959 0
-12.981 -1.884 0
-11.39 -5.748 0
-9.884 -3.801 0
-7.499 -3.663 0
-11.197 -3.741 0
-10.142 -7.788 0
-9.765 -4.872 0
-10.15 -6.165 0
-9.492 -11.247 0
-11.272 -3.474 0
-10.455 -9.744 0
-8.297 -3.765 0
-7.238 -4.434 0
-11.496 -1.707 0
-11.744 -6.489 0
-9.539 -8.04 0
-8.685 -3.447 0
-7.336 -9.894 0
-11.227 -4.539 0
-7.621 -2.739 0
-11.356 -3.333 0
-12.279 -6.489 0
-11.114 -6.675 0
-10.856 -5.58 0
-8.016 -3.783 0
-11.038 -4.602 0
-11.337 -3.273 0
-9.273 -11.073 0
-8.738 -2.169 0
-7.677 -2.469 0
-9.893 -2.127 0
-11.26 -5.934 0
-10.251 -1.227 0
-12.35 -4.623 0
-12.474 -0.6 0
-7.867 -5.379 0
-5.983 -0.84 0
-10.842 -3.438 0
-9.513 -7.815 0
-10.851 -14.067 0
-13.358 -0.819 0
-9.187 -4.944 0
-8.991 -3.987 0
-8.689 -5.826 0
-8.174 -2.889 0
-6.714 -7.125 0
-12.412 -0.342 0
-9.391 -10.098 0
-9.84 -5.97 0
-11.941 -6.342 0
-7.477 -5.28 0
-8.463 -21.795 0
-9.84 -1.875 0
-8.811 -1.524 0
-6.855 -2.424 0
-11.352 -1.668 0
-9.146 -1.827 0
-10.477 -2.718 0
-11.819 -10.728 0
-11.907 -0.66 0
-10.685 -4.059 0
-12.153 -7.674 0
-8.532 -2.193 0
-11.297 -3.534 0
-10.819 -1.143 0
-10.055 -1.524 0
-10.102 -5.802 0
-12.791 -3.81 0
-11.682 -0.996 0
-8.157 -6.618 0
-12.946 -2.898 0
-9.676 -4.365 0
-8.988 -2.775 0
-9.31 -1.077 0
-10.637 -0.738 0
-13.017 -9.198 0
-8.56 -5.046 0
-9.3 -1.422 0
-8.548 -1.431 0
-8.707 -9.144 0
10.649 -0.987 1
11.236 -4.908 1
9.335 -6.582 1
5.85 -8.958 1
11.824 -7.824 1
9.317 -2.91 1
10.787 -9.054 1
10.106 -3.465 1
13.172 -14.34 1
9.574 -6.84 1
8.429 -9.339 1
10.057 -3.747 1
9.133 -5.811 1
12.054 -6.42 1
10.696 -8.568 1
6.936 -1.296 1
11.852 -6.141 1
12.313 -4.893 1
8.381 -1.302 1
9.137 -0.585 1
11.063 -3.561 1
8.92 -9.459 1
12.509 -0.882 1
10.378 -2.658 1
8.58 -6.951 1
9.337 -3.516 1
10.623 -7.095 1
7.984 -4.26 1
11.539 -5.274 1
9.601 -4.23 1
10.781 -4.053 1
10.79 -0.195 1
9.217 -2.517 1
6.593 -2.619 1
9.166 -5.175 1
8.703 -2.625 1
12.583 -12.465 1
9.088 -1.353 1
12.192 -3.054 1
8.938 -8.859 1
10.578 -5.409 1
7.441 -7.326 1
12.559 -1.701 1
8.473 -3.948 1
9.378 -3.639 1
9.526 -3.033 1
13.804 -8.076 1
10.533 0.15 1
7.113 -3.051 1
8.453 -4.971 1
10.54 -3.426 1
10.401 -5.925 1
9.081 -4.557 1
10.271 -2.601 1
12.056 -0.192 1
12.684 -5.877 1
10.998 -1.71 1
11.24 -6.231 1
7.933 -1.467 1
6.15 -10.347 1
9.722 -0.096 1
7.026 -3.825 1
8.544 -7.338 1
9.774 -7.233 1
10.393 -10.473 1
11.489 -6.945 1
12.995 -1.776 1
12.901 -2.55 1
9.599 -10.974 1
9.313 -3.555 1
10.902 -7.827 1
8.442 -8.715 1
9.969 -0.66 1
10.87 -4.068 1
7.892 0.144 1
10.933 -6.627 1
9.392 -0.435 1
12.263 -1.503 1
10.858 -9.756 1
7.404 -12.537 1
14.237 -2.301 1
10.677 -2.025 1
11.795 -3.171 1
9.589 -3.165 1
9.174 -3.987 1
7.249 -2.097 1
11.143 0.021 1
8.644 -3.21 1
6.389 -0.186 1
11.776 -4.731 1
8.057 -0.489 1
12.218 -2.673 1
10.643 -6.018 1
8.321 -1.719 1
12.489 -3.447 1
8.895 -5.604 1
11.919 0.369 1
9.065 -0.888 1
10.809 -6.471 1
9.126 -2.154 1
8.237 -5.697 1
12.505 -3.504 1
6.903 -5.892 1
13.122 -1.782 1
9.733 -15.537 1
10.231 -6.882 1
11.86 0.096 1
10.534 0.261 1
10.536 -0.777 1
14.664 -3.084 1
7.917 -1.218 1
10.62 -0.708 1
12.615 -5.937 1
11.583 -5.19 1
11.602 -7.488 1
8.133 -3.018 1
7.146 -3.948 1
12.145 -3.309 1
11.467 -1.917 1
11.749 -10.581 1
-2.041 1.225 2
4.418 -1.343 2
0.026 -3.734 2
1.454 3.09 2
-1.261 3.293 2
-3.037 3.054 2
-0.895 3.746 2
0.63 -0.146 2
-1.279 0.041 2
2.228 -2.724 2
-1.5 0.353 2
3.878 -2.637 2
2.525 -1.03 2
-1.024 -2.775 2
-0.461 -1.944 2
0.081 -2.202 2
-0.444 0.268 2
-1.324 1.075 2
-0.078 0.595 2
-0.176 0.137 2
-1.658 -0.767 2
-2.227 2.05 2
2.411 -1.569 2
3.155 0.125 2
0.083 -3.679 2
-0.763 3.28 2
-1.16 1.355 2
-1.77 -1.215 2
-0.108 -1.006 2
-3.35 -3.166 2
-0.262 -0.987 2
0.526 -0.214 2
-0.898 0.399 2
0.012 0.175 2
-2.356 0.219 2
-1.472 -0.256 2
0.943 -0.381 2
-2.366 2.614 2
1.461 4.217 2
2.06 2.531 2
0.617 -0.475 2
1.328 1.997 2
-0.306 -3.802 2
0.237 2.562 2
2.714 -1.675 2
2.842 -1.888 2
-1.39 -2.065 2
1.237 -0.413 2
-0.13 1.721 2
2.183 0.122 2
0.721 3.305 2
-2.482 -1.5 2
-1.852 0.893 2
0.083 2.081 2
-1.764 -1.77 2
3.713 0.308 2
-0.761 3.62 2
-1.69 2.988 2
-0.545 1.205 2
-1.065 1.986 2
0.315 1.708 2
2.344 -0.218 2
-0.045 -3.669 2
0.468 -4.045 2
2.136 -2.827 2
-1.453 2.3 2
1.661 2.616 2
0.506 0.509 2
1.481 0.528 2
-1.904 0.204 2
1.076 -2.438 2
-0.288 -2.477 2
-2.975 -2.008 2
1.353 3.232 2
-0.48 -1.418 2
-1.548 0.566 2
1.48 -0.446 2
-0.195 -1.744 2
2.092 -2.097 2
-1.525 0.189 2
-1.368 2.095 2
0.014 -2.508 2
2.069 -2.247 2
-1.175 -0.367 2
-0.583 -0.569 2
-2.701 -1.093 2
-0.981 0.072 2
0.032 1.536 2
2.34 -0.278 2
0.719 1.174 2
-2.691 -0.801 2
-2.39 -1.229 2
0.542 -3.504 2
1.83 -2.243 2
-3.091 -1.674 2
1.864 -2.367 2
2.22 -1.11 2
-0.434 -2.228 2
-0.571 -0.351 2
-1.175 2.026 2
1.482 0.051 2
1.079 -0.96 2
-0.394 1.908 2
2.156 -0.446 2
0.42 -0.529 2
-1.061 -1.209 2
-1.033 0.408 2
-1.03 2.274 2
3.143 -1.881 2
-0.456 -2.242 2
-0.044 2.012 2
0.481 -0.205 2
2.037 0.984 2
-1.504 2.753 2
-2.509 3.696 2
0.733 0.057 2
1.527 0.293 2
-0.39 -0.836 2
-3.481 -0.683 2
-0.615 0.913 2
2.695 -0.784 2
2.658 -0.304 2
-0.078 1.872 2
1.137 2.807 2
3.151 -1.161 2
-1.287 2.493 2
-0.882 2.05 2
0.328 -2.367 2
0.822 0.597 2
0.982 -2.835 2
-1.963 1.66 2
2.632 0.871 2
1.145 -0.955 2
-1.063 -2.143 2
1.375 1.133 2
0.124 -1.954 2
-2.629 1.844 2
0.992 -3.223 2
-2.263 -2.225 2
-0.19 1.811 2
-2.665 -3.092 2
0.007 -3.037 2
0.692 0.076 2
-2.869 -0.731 2
-0.017 -2.166 2
0.063 -3.997 2
-2.191 0.832 2
-3.328 0.5 2
-0.008 -1.117 2
0.587 0.964 2
2.394 0.941 2
-1.984 -3.347 2
1.158 -1.698 2
-0.061 2.277 2
-2.757 -2.123 2
-0.521 0.629 2
-0.285 0.613 2
-3.389 1.095 2
2.933 3.067 2
-0.673 2.392 2
-1.585 -1.225 2
2.109 1.827 2
-1.915 3.022 2
-0.616 -0.716 2
0.709 -1.905 2
2.167 -2.178 2
2.086 -0.897 2
-1.883 1.371 2
-1.605 1.992 2
4.067 -1.343 2
-1.86 1.121 2
3.102 1.306 2
1.873 1.256 2
3.459 1.432 2
0.581 -0.96 2
-0.646 -2.648 2
2.251 -1.566 2
-2.024 0.059 2
2.881 2.128 2
2.08 2.005 2
-4.409 -1.256 2
-2.519 -0.13 2
-1.797 2.09 2
-2.715 0.616 2
-1.298 -0.82 2
2.444 -0.436 2
-0.318 1.318 2
2.488 -0.341 2
-2.168 1.278 2
0.837 0.116 2
2.86 0.136 2
-1.401 1.268 2
2.316 -1.199 2
0.564 1.204 2
-1.224 0.287 2
-0.556 1.534 2
-1.105 -0.701 2
0.148 -3.365 2
0.592 -0.419 2
5.518 -0.492 2
-5.471 -0.735 2
10.988 1.698 3
8.348 11.715 3
8.363 3.615 3
9.744 12.153 3
11.842 7.788 3
7.697 4.527 3
11.803 2.121 3
8.469 2.958 3
9.87 1.974 3
8.726 8.664 3
8.575 2.832 3
7.249 3.03 3
12.057 6.222 3
12.715 7.626 3
12.215 7.365 3
10.134 3.816 3
10.847 1.875 3
9.393 8.181 3
8.941 8.97 3
9.977 7.704 3
10.803 2.799 3
7.943 4.044 3
11.728 1.65 3
11.044 8.67 3
8.939 3.333 3
10.213 0.63 3
9.23 8.178 3
11.093 3.255 3
11.207 8.139 3
8.055 0.429 3
9.533 3.459 3
8.436 5.127 3
8.806 1.575 3
10.758 3.816 3
8.932 3.144 3
7.965 6.003 3
8.586 1.719 3
8.186 2.643 3
10.003 7.935 3
9.097 13.473 3
11.421 2.139 3
8.729 3.996 3
7.339 2.256 3
7.634 5.13 3
9.259 2.487 3
10.898 0.597 3
11.632 0.855 3
10.464 3 3
10.436 3.201 3
11.692 11.094 3
11.281 6.678 3
7.71 7.947 3
11.584 8.637 3
10.403 3.147 3
12.228 6.195 3
9.662 13.734 3
7.808 3.84 3
13.033 5.361 3
11.151 0.684 3
10.758 13.626 3
8.469 2.955 3
9.632 1.293 3
10.311 4.41 3
8.884 4.515 3
6.038 3.165 3
10.154 11.982 3
8.942 6.498 3
7.855 2.142 3
8.193 9.312 3
7.476 13.506 3
11.83 5.631 3
12.421 8.994 3
8.791 6.786 3
12.808 6.687 3
11.768 4.266 3
10.647 1.419 3
9.729 6.321 3
10.374 3.489 3
7.781 0.735 3
-6.615 2.06 4
-9.973 5.946 4
-10.67 6.915 4
-8.547 0.423 4
-8.22 3.279 4
-12.783 2.493 4
-9.993 5.988 4
-10.207 2.757 4
-13.547 1.299 4
-7.484 1.449 4
-9.727 2.358 4
-12.912 5.445 4
-9.089 4.629 4
-11.093 8.226 4
-8.769 0.615 4
-8.289 -0.006 4
-12.227 1.785 4
-9.249 3.159 4
-9.222 2.418 4
-11.845 1.38 4
-11.591 0.228 4
-9.693 2.277 4
-8.449 2.916 4
-4.263 6.663 4
-12.786 0.198 4
-9.64 2.646 4
-9.421 8.925 4
-11.827 5.631 4
-9.479 0.084 4
-10.803 0.921 4
-8.618 6.846 4
-10.323 2.616 4
-8.913 1.395 4
-10.189 7.32 4
-7.394 6.831 4
-7.656 6.708 4
-9.481 2.625 4
-10.877 10.437 4
-7.944 1.032 4
-14.212 1.83 4
-9.322 6.789 4
-9.119 2.325 4
-10.783 3.816 4
-10.292 10.314 4
-7.044 -0.168 4
-10.16 3.996 4
-10.087 1.866 4
-6.76 0.867 4
-7.826 1.197 4
-12.486 7.038 4
-10.296 4.677 4
-9.669 0.486 4
-9.389 3.915 4
-10.474 0.48 4
-7.68 11.643 4
-6.981 1.017 4
-10.046 7.143 4
-12.509 8.745 4
-11.989 7.224 4
-5.948 0.954 4
-7.909 2.778 4
-9.434 0.15 4
-8.672 1.155 4
-11.711 1.884 4
-9.373 5.385 4
-10.827 -0.138 4
-4.662 4.773 4
-8.996 5.595 4
-6.289 3.627 4
-10.997 2.868 4
-9.772 2.928 4
-5.919 4.341 4
-11.287 6.585 4
-11.272 6.288 4
-10.949 2.331 4
-8.888 7.692 4
-8.148 0.315 4
-11.8 0.246 4
-8.433 -0.045 4
-7.313 4.968 4
-6.392 1.623 4
-8.799 7.662 4
-10.699 10.917 4
-6.702 5.715 4
-9.33 3.51 4
-7.467 0.183 4
-11.437 0.594 4
-9.787 7.869 4
-9.002 7.941 4
-8.546 6.819 4
-7.738 3.099 4
-12.911 11.049 4
-11.916 1.965 4
-6.884 4.053 4
-8.529 4.695 4
-10.32 6.774 4
-9.568 0.468 4
-6.637 1.887 4
-11.032 1.866 4
-8.212 5.202 4
-9.542 -0.084 4
-9.181 2.466 4
