-5.471 -0.735
-4.409 -1.256
-3.481 -0.683
-5.471 -0.735


-3.389 1.095
-3.481 -0.683
-5.471 -0.735
-3.389 1.095


-3.35 -3.166
-3.389 1.095
-3.481 -0.683
-3.35 -3.166


-3.35 -3.166
-3.481 -0.683
-4.409 -1.256
-3.35 -3.166


-3.35 -3.166
-4.409 -1.256
-5.471 -0.735
-3.35 -3.166


-3.328 0.5
-3.35 -3.166
-3.389 1.095
-3.328 0.5


-3.091 -1.674
-3.328 0.5
-3.389 1.095
-3.091 -1.674


-3.091 -1.674
-3.328 0.5
-3.35 -3.166
-3.091 -1.674


-3.037 3.054
-3.091 -1.674
-3.389 1.095
-3.037 3.054


-3.037 3.054
-3.389 1.095
-5.471 -0.735
-3.037 3.054


-2.975 -2.008
-3.037 3.054
-3.091 -1.674
-2.975 -2.008


-2.975 -2.008
-3.091 -1.674
-3.35 -3.166
-2.975 -2.008


-2.869 -0.731
-2.975 -2.008
-3.037 3.054
-2.869 -0.731


-2.757 -2.123
-2.869 -0.731
-3.037 3.054
-2.757 -2.123


-2.757 -2.123
-2.869 -0.731
-2.975 -2.008
-2.757 -2.123


-2.757 -2.123
-2.975 -2.008
-3.35 -3.166
-2.757 -2.123


-2.715 0.616
-2.757 -2.123
-3.037 3.054
-2.715 0.616


-2.701 -1.093
-2.715 0.616
-2.757 -2.123
-2.701 -1.093


-2.691 -0.801
-2.701 -1.093
-2.715 0.616
-2.691 -0.801


-2.665 -3.092
-2.691 -0.801
-2.701 -1.093
-2.665 -3.092


-2.665 -3.092
-2.701 -1.093
-2.757 -2.123
-2.665 -3.092


-2.665 -3.092
-2.757 -2.123
-3.35 -3.166
-2.665 -3.092


-2.629 1.844
-2.665 -3.092
-2.691 -0.801
-2.629 1.844


-2.629 1.844
-2.691 -0.801
-2.715 0.616
-2.629 1.844


-2.629 1.844
-2.715 0.616
-3.037 3.054
-2.629 1.844


-2.519 -0.13
-2.629 1.844
-2.665 -3.092
-2.519 -0.13


-2.509 3.696
-2.519 -0.13
-2.629 1.844
-2.509 3.696


-2.509 3.696
-2.629 1.844
-3.037 3.054
-2.509 3.696


-2.482 -1.5
-2.509 3.696
-2.519 -0.13
-2.482 -1.5


-2.482 -1.5
-2.519 -0.13
-2.665 -3.092
-2.482 -1.5


-2.39 -1.229
-2.482 -1.5
-2.509 3.696
-2.39 -1.229


-2.39 -1.229
-2.482 -1.5
-2.665 -3.092
-2.39 -1.229


-2.366 2.614
-2.39 -1.229
-2.509 3.696
-2.366 2.614


-2.356 0.219
-2.366 2.614
-2.39 -1.229
-2.356 0.219


-2.263 -2.225
-2.356 0.219
-2.366 2.614
-2.263 -2.225


-2.263 -2.225
-2.356 0.219
-2.39 -1.229
-2.263 -2.225


-2.263 -2.225
-2.39 -1.229
-2.665 -3.092
-2.263 -2.225


-2.227 2.05
-2.263 -2.225
-2.366 2.614
-2.227 2.05


-2.227 2.05
-2.366 2.614
-2.509 3.696
-2.227 2.05


-2.191 0.832
-2.227 2.05
-2.263 -2.225
-2.191 0.832


-2.168 1.278
-2.191 0.832
-2.227 2.05
-2.168 1.278


-2.168 1.278
-2.191 0.832
-2.263 -2.225
-2.168 1.278


-2.041 1.225
-2.168 1.278
-2.227 2.05
-2.041 1.225


-2.041 1.225
-2.227 2.05
-2.509 3.696
-2.041 1.225


-2.041 1.225
-2.168 1.278
-2.263 -2.225
-2.041 1.225


-2.024 0.059
-2.041 1.225
-2.263 -2.225
-2.024 0.059


-1.984 -3.347
-2.024 0.059
-2.263 -2.225
-1.984 -3.347


-1.984 -3.347
-2.263 -2.225
-2.665 -3.092
-1.984 -3.347


-1.984 -3.347
-2.665 -3.092
-3.35 -3.166
-1.984 -3.347


-1.963 1.66
-1.984 -3.347
-2.024 0.059
-1.963 1.66


-1.963 1.66
-2.024 0.059
-2.041 1.225
-1.963 1.66


-1.963 1.66
-2.041 1.225
-2.509 3.696
-1.963 1.66


-1.915 3.022
-1.963 1.66
-2.509 3.696
-1.915 3.022


-1.915 3.022
-1.963 1.66
-1.984 -3.347
-1.915 3.022


-1.904 0.204
-1.915 3.022
-1.984 -3.347
-1.904 0.204


-1.883 1.371
-1.904 0.204
-1.915 3.022
-1.883 1.371


-1.86 1.121
-1.883 1.371
-1.915 3.022
-1.86 1.121


-1.86 1.121
-1.883 1.371
-1.904 0.204
-1.86 1.121


-1.86 1.121
-1.904 0.204
-1.984 -3.347
-1.86 1.121


-1.852 0.893
-1.86 1.121
-1.915 3.022
-1.852 0.893


-1.852 0.893
-1.86 1.121
-1.984 -3.347
-1.852 0.893


-1.797 2.09
-1.852 0.893
-1.915 3.022
-1.797 2.09


-1.797 2.09
-1.852 0.893
-1.984 -3.347
-1.797 2.09


-1.77 -1.215
-1.797 2.09
-1.984 -3.347
-1.77 -1.215


-1.764 -1.77
-1.77 -1.215
-1.797 2.09
-1.764 -1.77


-1.764 -1.77
-1.77 -1.215
-1.984 -3.347
-1.764 -1.77


-1.69 2.988
-1.764 -1.77
-1.797 2.09
-1.69 2.988


-1.69 2.988
-1.797 2.09
-1.915 3.022
-1.69 2.988


-1.69 2.988
-1.915 3.022
-2.509 3.696
-1.69 2.988


-1.658 -0.767
-1.69 2.988
-1.764 -1.77
-1.658 -0.767


-1.605 1.992
-1.658 -0.767
-1.69 2.988
-1.605 1.992


-1.585 -1.225
-1.605 1.992
-1.658 -0.767
-1.585 -1.225


-1.585 -1.225
-1.658 -0.767
-1.764 -1.77
-1.585 -1.225


-1.585 -1.225
-1.764 -1.77
-1.984 -3.347
-1.585 -1.225


-1.548 0.566
-1.585 -1.225
-1.605 1.992
-1.548 0.566


-1.525 0.189
-1.548 0.566
-1.605 1.992
-1.525 0.189


-1.525 0.189
-1.548 0.566
-1.585 -1.225
-1.525 0.189


-1.504 2.753
-1.525 0.189
-1.605 1.992
-1.504 2.753


-1.504 2.753
-1.605 1.992
-1.69 2.988
-1.504 2.753


-1.5 0.353
-1.504 2.753
-1.525 0.189
-1.5 0.353


-1.5 0.353
-1.525 0.189
-1.585 -1.225
-1.5 0.353


-1.472 -0.256
-1.5 0.353
-1.504 2.753
-1.472 -0.256


-1.472 -0.256
-1.5 0.353
-1.585 -1.225
-1.472 -0.256


-1.453 2.3
-1.472 -0.256
-1.504 2.753
-1.453 2.3


-1.401 1.268
-1.453 2.3
-1.472 -0.256
-1.401 1.268


-1.39 -2.065
-1.401 1.268
-1.472 -0.256
-1.39 -2.065


-1.39 -2.065
-1.472 -0.256
-1.585 -1.225
-1.39 -2.065


-1.39 -2.065
-1.585 -1.225
-1.984 -3.347
-1.39 -2.065


-1.368 2.095
-1.39 -2.065
-1.401 1.268
-1.368 2.095


-1.368 2.095
-1.401 1.268
-1.453 2.3
-1.368 2.095


-1.368 2.095
-1.453 2.3
-1.504 2.753
-1.368 2.095


-1.324 1.075
-1.368 2.095
-1.39 -2.065
-1.324 1.075


-1.298 -0.82
-1.324 1.075
-1.39 -2.065
-1.298 -0.82


-1.287 2.493
-1.298 -0.82
-1.324 1.075
-1.287 2.493


-1.287 2.493
-1.324 1.075
-1.368 2.095
-1.287 2.493


-1.287 2.493
-1.368 2.095
-1.504 2.753
-1.287 2.493


-1.287 2.493
-1.504 2.753
-1.69 2.988
-1.287 2.493


-1.279 0.041
-1.287 2.493
-1.298 -0.82
-1.279 0.041


-1.261 3.293
-1.279 0.041
-1.287 2.493
-1.261 3.293


-1.261 3.293
-1.287 2.493
-1.69 2.988
-1.261 3.293


-1.261 3.293
-1.69 2.988
-2.509 3.696
-1.261 3.293


-1.224 0.287
-1.261 3.293
-1.279 0.041
-1.224 0.287


-1.224 0.287
-1.279 0.041
-1.298 -0.82
-1.224 0.287


-1.175 -0.367
-1.224 0.287
-1.261 3.293
-1.175 -0.367


-1.175 -0.367
-1.224 0.287
-1.298 -0.82
-1.175 -0.367


-1.175 -0.367
-1.298 -0.82
-1.39 -2.065
-1.175 -0.367


-1.175 2.026
-1.175 -0.367
-1.261 3.293
-1.175 2.026


-1.16 1.355
-1.175 2.026
-1.175 -0.367
-1.16 1.355


-1.105 -0.701
-1.16 1.355
-1.175 2.026
-1.105 -0.701


-1.105 -0.701
-1.16 1.355
-1.175 -0.367
-1.105 -0.701


-1.105 -0.701
-1.175 -0.367
-1.39 -2.065
-1.105 -0.701


-1.065 1.986
-1.105 -0.701
-1.175 2.026
-1.065 1.986


-1.065 1.986
-1.175 2.026
-1.261 3.293
-1.065 1.986


-1.063 -2.143
-1.065 1.986
-1.105 -0.701
-1.063 -2.143


-1.063 -2.143
-1.105 -0.701
-1.39 -2.065
-1.063 -2.143


-1.063 -2.143
-1.39 -2.065
-1.984 -3.347
-1.063 -2.143


-1.061 -1.209
-1.063 -2.143
-1.065 1.986
-1.061 -1.209


-1.033 0.408
-1.061 -1.209
-1.065 1.986
-1.033 0.408


-1.033 0.408
-1.061 -1.209
-1.063 -2.143
-1.033 0.408


-1.03 2.274
-1.033 0.408
-1.065 1.986
-1.03 2.274


-1.03 2.274
-1.065 1.986
-1.261 3.293
-1.03 2.274


-1.024 -2.775
-1.03 2.274
-1.033 0.408
-1.024 -2.775


-1.024 -2.775
-1.033 0.408
-1.063 -2.143
-1.024 -2.775


-1.024 -2.775
-1.063 -2.143
-1.984 -3.347
-1.024 -2.775


-0.981 0.072
-1.024 -2.775
-1.03 2.274
-0.981 0.072


-0.898 0.399
-0.981 0.072
-1.03 2.274
-0.898 0.399


-0.898 0.399
-0.981 0.072
-1.024 -2.775
-0.898 0.399


-0.895 3.746
-0.898 0.399
-1.03 2.274
-0.895 3.746


-0.895 3.746
-1.03 2.274
-1.261 3.293
-0.895 3.746


-0.895 3.746
-1.261 3.293
-2.509 3.696
-0.895 3.746


-0.882 2.05
-0.895 3.746
-0.898 0.399
-0.882 2.05


-0.763 3.28
-0.882 2.05
-0.895 3.746
-0.763 3.28


-0.763 3.28
-0.882 2.05
-0.898 0.399
-0.763 3.28


-0.763 3.28
-0.898 0.399
-1.024 -2.775
-0.763 3.28


-0.761 3.62
-0.763 3.28
-0.895 3.746
-0.761 3.62


-0.673 2.392
-0.761 3.62
-0.763 3.28
-0.673 2.392


-0.673 2.392
-0.763 3.28
-1.024 -2.775
-0.673 2.392


-0.646 -2.648
-0.673 2.392
-1.024 -2.775
-0.646 -2.648


-0.646 -2.648
-1.024 -2.775
-1.984 -3.347
-0.646 -2.648


-0.616 -0.716
-0.646 -2.648
-0.673 2.392
-0.616 -0.716


-0.615 0.913
-0.616 -0.716
-0.673 2.392
-0.615 0.913


-0.583 -0.569
-0.615 0.913
-0.616 -0.716
-0.583 -0.569


-0.583 -0.569
-0.616 -0.716
-0.646 -2.648
-0.583 -0.569


-0.571 -0.351
-0.583 -0.569
-0.615 0.913
-0.571 -0.351


-0.571 -0.351
-0.583 -0.569
-0.646 -2.648
-0.571 -0.351


-0.556 1.534
-0.571 -0.351
-0.615 0.913
-0.556 1.534


-0.556 1.534
-0.615 0.913
-0.673 2.392
-0.556 1.534


-0.556 1.534
-0.673 2.392
-0.761 3.62
-0.556 1.534


-0.545 1.205
-0.556 1.534
-0.571 -0.351
-0.545 1.205


-0.521 0.629
-0.545 1.205
-0.556 1.534
-0.521 0.629


-0.521 0.629
-0.545 1.205
-0.571 -0.351
-0.521 0.629


-0.521 0.629
-0.571 -0.351
-0.646 -2.648
-0.521 0.629


-0.48 -1.418
-0.521 0.629
-0.646 -2.648
-0.48 -1.418


-0.461 -1.944
-0.48 -1.418
-0.521 0.629
-0.461 -1.944


-0.461 -1.944
-0.48 -1.418
-0.646 -2.648
-0.461 -1.944


-0.456 -2.242
-0.461 -1.944
-0.646 -2.648
-0.456 -2.242


-0.444 0.268
-0.456 -2.242
-0.461 -1.944
-0.444 0.268


-0.444 0.268
-0.461 -1.944
-0.521 0.629
-0.444 0.268


-0.444 0.268
-0.521 0.629
-0.556 1.534
-0.444 0.268


-0.434 -2.228
-0.444 0.268
-0.456 -2.242
-0.434 -2.228


-0.434 -2.228
-0.456 -2.242
-0.646 -2.648
-0.434 -2.228


-0.394 1.908
-0.434 -2.228
-0.444 0.268
-0.394 1.908


-0.394 1.908
-0.444 0.268
-0.556 1.534
-0.394 1.908


-0.394 1.908
-0.556 1.534
-0.761 3.62
-0.394 1.908


-0.39 -0.836
-0.394 1.908
-0.434 -2.228
-0.39 -0.836


-0.318 1.318
-0.39 -0.836
-0.394 1.908
-0.318 1.318


-0.318 1.318
-0.39 -0.836
-0.434 -2.228
-0.318 1.318


-0.306 -3.802
-0.318 1.318
-0.434 -2.228
-0.306 -3.802


-0.306 -3.802
-0.434 -2.228
-0.646 -2.648
-0.306 -3.802


-0.306 -3.802
-0.646 -2.648
-1.984 -3.347
-0.306 -3.802


-0.306 -3.802
-1.984 -3.347
-3.35 -3.166
-0.306 -3.802


-0.288 -2.477
-0.306 -3.802
-0.318 1.318
-0.288 -2.477


-0.285 0.613
-0.288 -2.477
-0.318 1.318
-0.285 0.613


-0.262 -0.987
-0.285 0.613
-0.288 -2.477
-0.262 -0.987


-0.262 -0.987
-0.288 -2.477
-0.306 -3.802
-0.262 -0.987


-0.195 -1.744
-0.262 -0.987
-0.285 0.613
-0.195 -1.744


-0.195 -1.744
-0.262 -0.987
-0.306 -3.802
-0.195 -1.744


-0.19 1.811
-0.195 -1.744
-0.285 0.613
-0.19 1.811


-0.19 1.811
-0.285 0.613
-0.318 1.318
-0.19 1.811


-0.19 1.811
-0.318 1.318
-0.394 1.908
-0.19 1.811


-0.19 1.811
-0.394 1.908
-0.761 3.62
-0.19 1.811


-0.176 0.137
-0.19 1.811
-0.195 -1.744
-0.176 0.137


-0.13 1.721
-0.176 0.137
-0.19 1.811
-0.13 1.721


-0.13 1.721
-0.19 1.811
-0.761 3.62
-0.13 1.721


-0.13 1.721
-0.176 0.137
-0.195 -1.744
-0.13 1.721


-0.108 -1.006
-0.13 1.721
-0.195 -1.744
-0.108 -1.006


-0.108 -1.006
-0.195 -1.744
-0.306 -3.802
-0.108 -1.006


-0.078 0.595
-0.108 -1.006
-0.13 1.721
-0.078 0.595


-0.078 1.872
-0.078 0.595
-0.13 1.721
-0.078 1.872


-0.078 1.872
-0.13 1.721
-0.761 3.62
-0.078 1.872


-0.061 2.277
-0.078 1.872
-0.761 3.62
-0.061 2.277


-0.061 2.277
-0.078 1.872
-0.078 0.595
-0.061 2.277


-0.045 -3.669
-0.061 2.277
-0.078 0.595
-0.045 -3.669


-0.045 -3.669
-0.078 0.595
-0.108 -1.006
-0.045 -3.669


-0.045 -3.669
-0.108 -1.006
-0.306 -3.802
-0.045 -3.669


-0.044 2.012
-0.045 -3.669
-0.061 2.277
-0.044 2.012


-0.017 -2.166
-0.044 2.012
-0.045 -3.669
-0.017 -2.166


-0.008 -1.117
-0.017 -2.166
-0.044 2.012
-0.008 -1.117


0.007 -3.037
-0.008 -1.117
-0.017 -2.166
0.007 -3.037


0.007 -3.037
-0.017 -2.166
-0.045 -3.669
0.007 -3.037


0.012 0.175
0.007 -3.037
-0.008 -1.117
0.012 0.175


0.012 0.175
-0.008 -1.117
-0.044 2.012
0.012 0.175


0.014 -2.508
0.012 0.175
0.007 -3.037
0.014 -2.508


0.026 -3.734
0.014 -2.508
0.012 0.175
0.026 -3.734


0.026 -3.734
0.014 -2.508
0.007 -3.037
0.026 -3.734


0.026 -3.734
0.007 -3.037
-0.045 -3.669
0.026 -3.734


0.026 -3.734
-0.045 -3.669
-0.306 -3.802
0.026 -3.734


0.032 1.536
0.026 -3.734
0.012 0.175
0.032 1.536


0.032 1.536
0.012 0.175
-0.044 2.012
0.032 1.536


0.032 1.536
-0.044 2.012
-0.061 2.277
0.032 1.536


0.063 -3.997
0.032 1.536
0.026 -3.734
0.063 -3.997


0.063 -3.997
0.026 -3.734
-0.306 -3.802
0.063 -3.997


0.063 -3.997
-0.306 -3.802
-3.35 -3.166
0.063 -3.997


0.081 -2.202
0.063 -3.997
0.032 1.536
0.081 -2.202


0.083 -3.679
0.081 -2.202
0.063 -3.997
0.083 -3.679


0.083 2.081
0.083 -3.679
0.081 -2.202
0.083 2.081


0.083 2.081
0.081 -2.202
0.032 1.536
0.083 2.081


0.083 2.081
0.032 1.536
-0.061 2.277
0.083 2.081


0.083 2.081
-0.061 2.277
-0.761 3.62
0.083 2.081


0.124 -1.954
0.083 2.081
0.083 -3.679
0.124 -1.954


0.148 -3.365
0.124 -1.954
0.083 2.081
0.148 -3.365


0.148 -3.365
0.124 -1.954
0.083 -3.679
0.148 -3.365


0.148 -3.365
0.083 -3.679
0.063 -3.997
0.148 -3.365


0.237 2.562
0.148 -3.365
0.083 2.081
0.237 2.562


0.237 2.562
0.083 2.081
-0.761 3.62
0.237 2.562


0.315 1.708
0.237 2.562
0.148 -3.365
0.315 1.708


0.328 -2.367
0.315 1.708
0.148 -3.365
0.328 -2.367


0.328 -2.367
0.148 -3.365
0.063 -3.997
0.328 -2.367


0.42 -0.529
0.328 -2.367
0.315 1.708
0.42 -0.529


0.468 -4.045
0.42 -0.529
0.328 -2.367
0.468 -4.045


0.468 -4.045
0.328 -2.367
0.063 -3.997
0.468 -4.045


0.481 -0.205
0.468 -4.045
0.42 -0.529
0.481 -0.205


0.481 -0.205
0.42 -0.529
0.315 1.708
0.481 -0.205


0.506 0.509
0.481 -0.205
0.315 1.708
0.506 0.509


0.506 0.509
0.315 1.708
0.237 2.562
0.506 0.509


0.506 0.509
0.481 -0.205
0.468 -4.045
0.506 0.509


0.526 -0.214
0.506 0.509
0.468 -4.045
0.526 -0.214


0.542 -3.504
0.526 -0.214
0.468 -4.045
0.542 -3.504


0.564 1.204
0.542 -3.504
0.526 -0.214
0.564 1.204


0.564 1.204
0.526 -0.214
0.506 0.509
0.564 1.204


0.564 1.204
0.506 0.509
0.237 2.562
0.564 1.204


0.581 -0.96
0.564 1.204
0.542 -3.504
0.581 -0.96


0.587 0.964
0.581 -0.96
0.564 1.204
0.587 0.964


0.592 -0.419
0.587 0.964
0.581 -0.96
0.592 -0.419


0.592 -0.419
0.581 -0.96
0.542 -3.504
0.592 -0.419


0.617 -0.475
0.592 -0.419
0.587 0.964
0.617 -0.475


0.617 -0.475
0.592 -0.419
0.542 -3.504
0.617 -0.475


0.63 -0.146
0.617 -0.475
0.587 0.964
0.63 -0.146


0.63 -0.146
0.617 -0.475
0.542 -3.504
0.63 -0.146


0.692 0.076
0.63 -0.146
0.587 0.964
0.692 0.076


0.692 0.076
0.587 0.964
0.564 1.204
0.692 0.076


0.692 0.076
0.63 -0.146
0.542 -3.504
0.692 0.076


0.709 -1.905
0.692 0.076
0.542 -3.504
0.709 -1.905


0.719 1.174
0.709 -1.905
0.692 0.076
0.719 1.174


0.719 1.174
0.692 0.076
0.564 1.204
0.719 1.174


0.719 1.174
0.564 1.204
0.237 2.562
0.719 1.174


0.721 3.305
0.719 1.174
0.237 2.562
0.721 3.305


0.721 3.305
0.237 2.562
-0.761 3.62
0.721 3.305


0.721 3.305
-0.761 3.62
-0.895 3.746
0.721 3.305


0.733 0.057
0.721 3.305
0.719 1.174
0.733 0.057


0.733 0.057
0.719 1.174
0.709 -1.905
0.733 0.057


0.822 0.597
0.733 0.057
0.721 3.305
0.822 0.597


0.822 0.597
0.733 0.057
0.709 -1.905
0.822 0.597


0.837 0.116
0.822 0.597
0.709 -1.905
0.837 0.116


0.943 -0.381
0.837 0.116
0.822 0.597
0.943 -0.381


0.943 -0.381
0.822 0.597
0.721 3.305
0.943 -0.381


0.943 -0.381
0.837 0.116
0.709 -1.905
0.943 -0.381


0.943 -0.381
0.709 -1.905
0.542 -3.504
0.943 -0.381


0.982 -2.835
0.943 -0.381
0.542 -3.504
0.982 -2.835


0.982 -2.835
0.542 -3.504
0.468 -4.045
0.982 -2.835


0.992 -3.223
0.982 -2.835
0.943 -0.381
0.992 -3.223


0.992 -3.223
0.982 -2.835
0.468 -4.045
0.992 -3.223


1 1
0.992 -3.223
0.943 -0.381
1 1


1 1
0.943 -0.381
0.721 3.305
1 1


1.076 -2.438
1 1
0.992 -3.223
1.076 -2.438


1.079 -0.96
1.076 -2.438
1 1
1.079 -0.96


1.137 2.807
1.079 -0.96
1 1
1.137 2.807


1.137 2.807
1 1
0.721 3.305
1.137 2.807


1.137 2.807
1.079 -0.96
1.076 -2.438
1.137 2.807


1.145 -0.955
1.137 2.807
1.076 -2.438
1.145 -0.955


1.158 -1.698
1.145 -0.955
1.137 2.807
1.158 -1.698


1.158 -1.698
1.145 -0.955
1.076 -2.438
1.158 -1.698


1.158 -1.698
1.076 -2.438
0.992 -3.223
1.158 -1.698


1.237 -0.413
1.158 -1.698
1.137 2.807
1.237 -0.413


1.328 1.997
1.237 -0.413
1.137 2.807
1.328 1.997


1.353 3.232
1.328 1.997
1.137 2.807
1.353 3.232


1.353 3.232
1.137 2.807
0.721 3.305
1.353 3.232


1.353 3.232
0.721 3.305
-0.895 3.746
1.353 3.232


1.375 1.133
1.353 3.232
1.328 1.997
1.375 1.133


1.375 1.133
1.328 1.997
1.237 -0.413
1.375 1.133


1.375 1.133
1.237 -0.413
1.158 -1.698
1.375 1.133


1.454 3.09
1.375 1.133
1.353 3.232
1.454 3.09


1.461 4.217
1.454 3.09
1.353 3.232
1.461 4.217


1.461 4.217
1.353 3.232
-0.895 3.746
1.461 4.217


1.461 4.217
-0.895 3.746
-2.509 3.696
1.461 4.217


1.48 -0.446
1.461 4.217
1.454 3.09
1.48 -0.446


1.48 -0.446
1.454 3.09
1.375 1.133
1.48 -0.446


1.48 -0.446
1.375 1.133
1.158 -1.698
1.48 -0.446


1.48 -0.446
1.158 -1.698
0.992 -3.223
1.48 -0.446


1.481 0.528
1.48 -0.446
1.461 4.217
1.481 0.528


1.482 0.051
1.481 0.528
1.48 -0.446
1.482 0.051


1.527 0.293
1.482 0.051
1.481 0.528
1.527 0.293


1.527 0.293
1.481 0.528
1.461 4.217
1.527 0.293


1.527 0.293
1.482 0.051
1.48 -0.446
1.527 0.293


1.661 2.616
1.527 0.293
1.461 4.217
1.661 2.616


1.83 -2.243
1.661 2.616
1.527 0.293
1.83 -2.243


1.83 -2.243
1.527 0.293
1.48 -0.446
1.83 -2.243


1.83 -2.243
1.48 -0.446
0.992 -3.223
1.83 -2.243


1.83 -2.243
0.992 -3.223
0.468 -4.045
1.83 -2.243


1.864 -2.367
1.83 -2.243
1.661 2.616
1.864 -2.367


1.864 -2.367
1.83 -2.243
0.468 -4.045
1.864 -2.367


1.873 1.256
1.864 -2.367
1.661 2.616
1.873 1.256


1.873 1.256
1.661 2.616
1.461 4.217
1.873 1.256


2.037 0.984
1.873 1.256
1.461 4.217
2.037 0.984


2.037 0.984
1.873 1.256
1.864 -2.367
2.037 0.984


2.06 2.531
2.037 0.984
1.461 4.217
2.06 2.531


2.069 -2.247
2.06 2.531
2.037 0.984
2.069 -2.247


2.069 -2.247
2.037 0.984
1.864 -2.367
2.069 -2.247


2.069 -2.247
1.864 -2.367
0.468 -4.045
2.069 -2.247


2.08 2.005
2.069 -2.247
2.06 2.531
2.08 2.005


2.086 -0.897
2.08 2.005
2.069 -2.247
2.086 -0.897


2.092 -2.097
2.086 -0.897
2.08 2.005
2.092 -2.097


2.092 -2.097
2.086 -0.897
2.069 -2.247
2.092 -2.097


2.109 1.827
2.092 -2.097
2.08 2.005
2.109 1.827


2.109 1.827
2.08 2.005
2.06 2.531
2.109 1.827


2.136 -2.827
2.109 1.827
2.092 -2.097
2.136 -2.827


2.136 -2.827
2.092 -2.097
2.069 -2.247
2.136 -2.827


2.136 -2.827
2.069 -2.247
0.468 -4.045
2.136 -2.827


2.156 -0.446
2.136 -2.827
2.109 1.827
2.156 -0.446


2.167 -2.178
2.156 -0.446
2.136 -2.827
2.167 -2.178


2.183 0.122
2.167 -2.178
2.156 -0.446
2.183 0.122


2.183 0.122
2.156 -0.446
2.109 1.827
2.183 0.122


2.22 -1.11
2.183 0.122
2.167 -2.178
2.22 -1.11


2.22 -1.11
2.167 -2.178
2.136 -2.827
2.22 -1.11


2.228 -2.724
2.22 -1.11
2.136 -2.827
2.228 -2.724


2.251 -1.566
2.228 -2.724
2.22 -1.11
2.251 -1.566


2.251 -1.566
2.22 -1.11
2.183 0.122
2.251 -1.566


2.316 -1.199
2.251 -1.566
2.183 0.122
2.316 -1.199


2.316 -1.199
2.183 0.122
2.109 1.827
2.316 -1.199


2.316 -1.199
2.251 -1.566
2.228 -2.724
2.316 -1.199


2.34 -0.278
2.316 -1.199
2.109 1.827
2.34 -0.278


2.34 -0.278
2.109 1.827
2.06 2.531
2.34 -0.278


2.344 -0.218
2.34 -0.278
2.06 2.531
2.344 -0.218


2.344 -0.218
2.34 -0.278
2.316 -1.199
2.344 -0.218


2.394 0.941
2.344 -0.218
2.06 2.531
2.394 0.941


2.394 0.941
2.344 -0.218
2.316 -1.199
2.394 0.941


2.411 -1.569
2.394 0.941
2.316 -1.199
2.411 -1.569


2.411 -1.569
2.316 -1.199
2.228 -2.724
2.411 -1.569


2.444 -0.436
2.411 -1.569
2.394 0.941
2.444 -0.436


2.488 -0.341
2.444 -0.436
2.394 0.941
2.488 -0.341


2.488 -0.341
2.444 -0.436
2.411 -1.569
2.488 -0.341


2.525 -1.03
2.488 -0.341
2.411 -1.569
2.525 -1.03


2.525 -1.03
2.411 -1.569
2.228 -2.724
2.525 -1.03


2.632 0.871
2.525 -1.03
2.488 -0.341
2.632 0.871


2.632 0.871
2.488 -0.341
2.394 0.941
2.632 0.871


2.632 0.871
2.394 0.941
2.06 2.531
2.632 0.871


2.658 -0.304
2.632 0.871
2.525 -1.03
2.658 -0.304


2.658 -0.304
2.525 -1.03
2.228 -2.724
2.658 -0.304


2.695 -0.784
2.658 -0.304
2.632 0.871
2.695 -0.784


2.695 -0.784
2.658 -0.304
2.228 -2.724
2.695 -0.784


2.714 -1.675
2.695 -0.784
2.228 -2.724
2.714 -1.675


2.842 -1.888
2.714 -1.675
2.695 -0.784
2.842 -1.888


2.842 -1.888
2.695 -0.784
2.632 0.871
2.842 -1.888


2.842 -1.888
2.714 -1.675
2.228 -2.724
2.842 -1.888


2.86 0.136
2.842 -1.888
2.632 0.871
2.86 0.136


2.881 2.128
2.86 0.136
2.632 0.871
2.881 2.128


2.881 2.128
2.632 0.871
2.06 2.531
2.881 2.128


2.881 2.128
2.06 2.531
1.461 4.217
2.881 2.128


2.881 2.128
2.86 0.136
2.842 -1.888
2.881 2.128


2.933 3.067
2.881 2.128
1.461 4.217
2.933 3.067


2.933 3.067
2.881 2.128
2.842 -1.888
2.933 3.067


3.102 1.306
2.933 3.067
2.842 -1.888
3.102 1.306


3.143 -1.881
3.102 1.306
2.842 -1.888
3.143 -1.881


3.143 -1.881
2.842 -1.888
2.228 -2.724
3.143 -1.881


3.143 -1.881
2.228 -2.724
2.136 -2.827
3.143 -1.881


3.151 -1.161
3.143 -1.881
3.102 1.306
3.151 -1.161


3.155 0.125
3.151 -1.161
3.102 1.306
3.155 0.125


3.459 1.432
3.155 0.125
3.102 1.306
3.459 1.432


3.459 1.432
3.102 1.306
2.933 3.067
3.459 1.432


3.459 1.432
3.155 0.125
3.151 -1.161
3.459 1.432


3.459 1.432
3.151 -1.161
3.143 -1.881
3.459 1.432


3.713 0.308
3.459 1.432
3.143 -1.881
3.713 0.308


3.878 -2.637
3.713 0.308
3.143 -1.881
3.878 -2.637


3.878 -2.637
3.143 -1.881
2.136 -2.827
3.878 -2.637


3.878 -2.637
2.136 -2.827
0.468 -4.045
3.878 -2.637


4.067 -1.343
3.878 -2.637
3.713 0.308
4.067 -1.343


4.418 -1.343
4.067 -1.343
3.713 0.308
4.418 -1.343


4.418 -1.343
3.713 0.308
3.459 1.432
4.418 -1.343


4.418 -1.343
3.459 1.432
2.933 3.067
4.418 -1.343


4.418 -1.343
4.067 -1.343
3.878 -2.637
4.418 -1.343


5.518 -0.492
4.418 -1.343
2.933 3.067
5.518 -0.492


5.518 -0.492
4.418 -1.343
3.878 -2.637
5.518 -0.492


