0.001 0
0.427535 1
0.320888 2
0.206206 3
0.348811 4
0.483011 5
0.375055 6
0.345508 7
0.430667 8
0.369153 9
0.517929 10
0.335215 11
0.528867 12
0.330637 13
0.220592 14
0.555476 15
0.266271 16
0.48048 17
0.0720694 18
0.544413 19
0.183371 20
0.176816 21
0.551453 22
0.290854 23
0.453278 24
0.400312 25
0.410183 26
0.564136 27
0.300673 28
0.567828 29
0.471858 30
0.51984 31
0.573464 32
0.585653 33
0.303942 34
0.35536 35
0.622287 36
0.349448 37
0.663495 38
0.424848 39
0.433963 40
0.193003 41
0.327703 42
0.354346 43
0.470814 44
0.516876 45
0.155271 46
0.215928 47
0.120702 48
0.195778 49
0.20906 50
0.277417 51
0.220984 52
0.226106 53
0.195041 54
0.103942 55
0.325923 56
0.46513 57
0.0392938 58
0.420685 59
0.10458 60
0.318058 61
0.15469 62
0.24287 63
0.157407 64
0.278869 65
0.11456 66
0.249802 67
0.158493 68
0.229386 69
0.291076 70
0.207077 71
0.224644 72
0.299047 73
0.110887 74
0.0656049 75
0.0529245 76
0.125801 77
0.127675 78
0.180094 79
0.21191 80
0.347467 81
0.399531 82
0.379563 83
0.31552 84
0.205244 85
0.316948 86
0.421988 87
0.440596 88
0.0197231 89
0.13159 90
0.133507 91
0.211 92
0.260094 93
0.323595 94
0.144312 95
0.275234 96
0.105991 97
0.137208 98
0.229314 99
0.218692 100
0.2441 101
0.182069 102
0.293171 103
0.232725 104
0.305236 105
0.206867 106
0.318215 107
0.239416 108
0.255486 109
0.122654 110
0.227264 111
0.0413038 112
0.290259 113
0.320156 114
0.325731 115
0.344885 116
0.160527 117
0.285498 118
0.160801 119
0.168689 120
0.328221 121
0.334127 122
0.339483 123
0.256877 124
0.370807 125
0.381077 126
0.224181 127
0.165109 128
0.400442 129
0.402045 130
0.375201 131
0.129031 132
0.226744 133
0.195923 134
0.320914 135
0.233461 136
0.354927 137
0.152869 138
0.386881 139
0.405276 140
0.414121 141
0.431259 142
0.0853756 143
0.124664 144
0.348174 145
0.329014 146
0.250348 147
0.202556 148
0.375485 149
0.376124 150
0.426287 151
0.105361 152
0.426625 153
0.326725 154
0.0524786 155
0.182222 156
0.217993 157
0.43764 158
0.3397 159
0.109252 160
0.138279 161
0.238214 162
0.126396 163
0.221278 164
0.245177 165
0.0890056 166
0.264569 167
0.0966282 168
0.244663 169
0.279973 170
0.215058 171
0.331943 172
0.407659 173
0.362927 174
0.248338 175
0.269151 176
0.305277 177
0.18886 178
0.325712 179
0.0977446 180
0.178676 181
0.170294 182
0.114634 183
0.35964 184
0.146291 185
0.311827 186
0.38956 187
0.443062 188
0.186253 189
0.46513 190
0.408222 191
0.21356 192
0.321218 193
0.36193 194
0.42642 195
0.0451774 196
0.129449 197
0.38824 198
0.437293 199
0.256977 200
0.210647 201
0.364446 202
0.133 203
0.377725 204
0.27818 205
0.19383 206
0.42417 207
0.433082 208
0.458803 209
0.455403 210
0.459967 211
0.302909 212
0.40302 213
0.0882836 214
0.470239 215
0.475178 216
0.110218 217
0.245008 218
0.30878 219
0.300668 220
0.0653682 221
0.220227 222
0.255501 223
0.100975 224
0.278298 225
0.118017 226
0.207425 227
0.148647 228
0.228316 229
0.151093 230
0.296987 231
0.305408 232
0.312706 233
0.13406 234
0.313209 235
0.310929 236
0.313614 237
0.33536 238
0.173462 239
0.389936 240
0.105119 241
0.479802 242
0.48668 243
0.172131 244
0.222445 245
0.168404 246
0.218241 247
0.272239 248
0.165979 249
0.155206 250
0.184448 251
0.302076 252
0.351456 253
0.26613 254
0.309608 255
0.268365 256
0.303185 257
0.369439 258
0.30335 259
0.10018 260
0.238839 261
0.328783 262
0.371727 263
0.204022 264
0.257474 265
0.0373363 266
0.0639062 267
0.243288 268
0.0672681 269
0.22518 270
0.32249 271
0.136971 272
0.216601 273
0.172261 274
0.102956 275
0.324056 276
0.360555 277
0.372773 278
0.200602 279
0.205341 280
0.200562 281
0.219829 282
0.178197 283
0.303449 284
0.128098 285
0.226716 286
0.381293 287
0.205879 288
0.310015 289
0.296624 290
0.219968 291
0.316092 292
0.412029 293
0.444973 294
0.414185 295
0.490254 296
0.494753 297
0.336543 298
0.375618 299
0.0885664 300
0.375378 301
0.0161555 302
0.0164012 303
0.138658 304
0.41991 305
0.240304 306
0.425593 307
0.489041 308
0.0343657 309
0.241404 310
0.337831 311
0.0936483 312
0.497757 313
0.398015 314
0.174141 315
0.0946256 316
0.464226 317
0.498342 318
0.138957 319
0.258643 320
0.245459 321
0.505191 322
0.513693 323
0.333685 324
0.517055 325
0.230868 326
0.310161 327
0.421048 328
0.517325 329
0.274133 330
0.52386 331
0.266732 332
0.0876413 333
0.52835 334
0.483827 335
0.529794 336
0.540448 337
0.293639 338
0.550818 339
0.217414 340
0.278029 341
0.353884 342
0.200142 343
0.555115 344
0.193166 345
0.56225 346
0.240684 347
0.330038 348
0.574374 349
0.505199 350
0.398207 351
0.224591 352
0.400661 353
0.57726 354
0.2136 355
0.578308 356
0.125925 357
0.573059 358
0.438456 359
0.581893 360
0.134792 361
0.179789 362
0.263427 363
0.320353 364
0.245522 365
0.185551 366
0.220057 367
0.285217 368
0.363456 369
0.326181 370
0.170062 371
0.0161555 372
0.210419 373
0.372228 374
0.455686 375
0.55409 376
0.561664 377
0.570505 378
0.0870976 379
0.0256125 380
0.524704 381
0.498848 382
0.407492 383
0.348398 384
0.370697 385
0.513813 386
0.208125 387
0.50512 388
0.309894 389
0.289705 390
0.569646 391
0.457596 392
0.433014 393
0.304304 394
0.571136 395
0.584209 396
0.367679 397
0.248863 398
0.310987 399
0.496348 400
0.365218 401
0.508968 402
0.588881 403
0.555104 404
0.205806 405
0.211603 406
0.454925 407
0.281761 408
0.59359 409
0.284823 410
0.510602 411
0.440266 412
0.279014 413
0.144586 414
0.298203 415
0.439683 416
0.550546 417
0.569235 418
0.252179 419
0.126752 420
0.44794 421
0.382884 422
0.229436 423
0.244518 424
0.328878 425
0.37855 426
0.355141 427
0.372103 428
0.491517 429
0.592308 430
0.594374 431
0.221109 432
0.595189 433
0.344746 434
0.473055 435
0.346013 436
0.26786 437
0.553592 438
0.483793 439
0.601694 440
0.60621 441
0.156822 442
0.414849 443
0.369542 444
0.133963 445
0.137928 446
0.244387 447
0.372667 448
0.34511 449
0.383189 450
0.398283 451
0.411734 452
0.261038 453
0.12225 454
0.335894 455
0.221815 456
0.425183 457
0.486261 458
0.319412 459
0.265347 460
0.559914 461
0.618728 462
0.334253 463
0.501698 464
0.620725 465
0.622177 466
0.428981 467
0.45943 468
0.391208 469
0.615231 470
0.627052 471
0.394897 472
0.441453 473
0.641814 474
0.100767 475
0.595545 476
0.30634 477
0.514421 478
0.362307 479
0.440478 480
0.314159 481
0.298503 482
0.222092 483
0.435139 484
0.52596 485
0.469554 486
0.436606 487
0.597931 488
0.0922009 489
0.270159 490
0.372324 491
0.504481 492
0.606295 493
0.623619 494
0.639022 495
0.644546 496
0.11091 497
0.559697 498
0.647237 499
0.648312 500
0.360035 501
0.108577 502
0.422985 503
0.472214 504
0.055 505
0.452262 506
0.065 507
0.331789 508
0.436835 509
0.285044 510
0.612565 511
0.436836 512
0.378868 513
0.311811 514
0.28324 515
0.396353 516
0.438608 517
0.476299 518
0.49098 519
0.458193 520
0.619455 521
0.336305 522
0.652854 523
0.490295 524
0.562809 525
0.657882 526
0.528394 527
0.659019 528
0.306315 529
0.403496 530
0.243822 531
0.260768 532
0.468125 533
0.388402 534
0.439455 535
0.136459 536
0.457931 537
0.495227 538
0.194579 539
0.135945 540
0.660957 541
0.368973 542
0.281325 543
0.661399 544
0.260354 545
0.219317 546
0.667704 547
0.42405 548
0.670512 549
0.317166 550
0.570001 551
0.383308 552
0.162114 553
0.246272 554
0.398919 555
0.134718 556
0.17119 557
0.480208 558
0.624079 559
0.644698 560
0.170012 561
0.673276 562
0.281178 563
0.351847 564
0.436496 565
0.188282 566
0.443434 567
0.379824 568
0.102083 569
0.32484 570
0.277308 571
0.469802 572
0.246108 573
0.176921 574
0.510883 575
0.536851 576
0.562894 577
0.608317 578
0.673832 579
0.678428 580
0.360323 581
0.270416 582
0.503612 583
0.29011 584
0.211804 585
0.243041 586
0.49792 587
0.681061 588
0.305378 589
0.385417 590
0.309377 591
0.0552268 592
0.294374 593
0.0970824 594
0.041 595
0.170106 596
0.493407 597
0.65295 598
0.149 599
0.293264 600
0.221452 601
0.682643 602
0.383463 603
0.39538 604
0.426733 605
0.436 606
0.191262 607
0.0326956 608
0.315546 609
0.33351 610
0.497041 611
0.538516 612
0.634434 613
0.252881 614
0.181246 615
0.63221 616
0.32067 617
0.606753 618
0.439165 619
0.676096 620
0.686135 621
0.21792 622
0.51091 623
0.679971 624
0.280573 625
0.129097 626
0.55581 627
0.528116 628
0.697298 629
0.319061 630
0.728869 631
0.608848 632
0.746073 633
0.752086 634
0.236212 635
0.302367 636
0.240882 637
0.120416 638
0.473071 639
0.763867 640
0.231311 641
0.262739 642
0.522551 643
0.768797 644
0.77316 645
0.809331 646
0.672753 647
0.328125 648
0.392588 649
0.611612 650
0.362403 651
0.472349 652
0.813591 653
0.83406 654
0.838004 655
0.844647 656
0.510406 657
0.844915 658
0.842805 659
0.225657 660
0.585755 661
0.0660379 662
0.852303 663
0.85412 664
0.594757 665
0.74108 666
0.816922 667
0.423468 668
0.228035 669
0.418604 670
0.0560892 671
0.686921 672
0.391624 673
0.578415 674
0.408208 675
0.386793 676
0.392869 677
0.749022 678
0.669123 679
0.88184 680
0.681578 681
0.809808 682
0.508693 683
0.759708 684
0.430832 685
0.88457 686
0.524585 687
0.683389 688
0.466255 689
0.887252 690
0.894455 691
0.348093 692
0.249201 693
0.684634 694
0.601782 695
0.144 696
0.895389 697
0.478853 698
0.352456 699
0.328824 700
0.330438 701
0.17066 702
0.497101 703
0.203652 704
0.525061 705
0.488256 706
0.333708 707
0.548293 708
0.406539 709
0.402767 710
0.334426 711
0.492741 712
0.550568 713
0.565364 714
0.646877 715
0.308717 716
0.710066 717
0.408 718
0.592558 719
0.280631 720
0.583823 721
0.316937 722
0.267649 723
0.359807 724
0.2499 725
0.167523 726
0.181739 727
0.45025 728
0.440095 729
0.294109 730
0.377625 731
0.43226 732
0.316741 733
0.44492 734
0.0632456 735
0.493907 736
0.543474 737
0.239635 738
0.115039 739
0.370174 740
0.493223 741
0.170423 742
0.056648 743
0.0822253 744
0.56053 745
0.514417 746
0.626575 747
0.647012 748
0.721499 749
0.742256 750
0.383648 751
0.189011 752
0.130668 753
0.625413 754
0.47139 755
0.770624 756
0.310498 757
0.321179 758
0.345579 759
0.5728 760
0.576688 761
0.243082 762
0.646026 763
0.536157 764
0.570369 765
0.516976 766
0.635003 767
0.585247 768
0.72111 769
0.73769 770
0.455545 771
0.777788 772
0.697814 773
0.7628 774
0.810355 775
0.500803 776
0.486733 777
0.604401 778
0.224758 779
0.210419 780
0.313179 781
0.765261 782
0.221775 783
0.300257 784
0.493912 785
0.593284 786
0.916651 787
0.229584 788
0.134112 789
0.457246 790
0.640835 791
0.39538 792
0.604683 793
0.853738 794
0.920002 795
0.621708 796
0.907463 797
0.295975 798
0.611649 799
0.4672 800
0.115603 801
0.924689 802
0.306163 803
0.213883 804
0.390591 805
0.403833 806
0.420144 807
0.434412 808
0.190379 809
0.231482 810
0.275182 811
0.470894 812
0.115278 813
0.493478 814
0.495864 815
0.564131 816
0.146728 817
0.559397 818
0.120017 819
0.448028 820
0.258503 821
0.297605 822
0.352278 823
0.578304 824
0.260517 825
0.600388 826
0.373666 827
0.661121 828
0.676776 829
0.381608 830
0.685493 831
0.886581 832
0.959231 833
0.59639 834
0.54619 835
0.936477 836
0.967076 837
0.947621 838
0.967592 839
0.980831 840
0.981 841
0.98957 842
0.329342 843
0.992565 844
0.998477 845
1.00355 846
0.333054 847
0.613835 848
0.722721 849
0.115135 850
1.00887 851
1.03199 852
1.06406 853
0.465783 854
1.06738 855
0.617297 856
1.0908 857
0.29625 858
0.316866 859
0.590867 860
0.299827 861
0.341505 862
0.505756 863
0.569394 864
0.458956 865
0.708114 866
0.291548 867
0.506447 868
0.305321 869
0.784761 870
0.654618 871
0.302318 872
0.402275 873
0.240085 874
0.941527 875
1.03327 876
1.04013 877
0.838689 878
1.01764 879
0.533892 880
0.3706 881
0.510079 882
0.649758 883
0.101213 884
1.10674 885
0.684039 886
0.945383 887
0.384533 888
1.12331 889
1.13844 890
1.14044 891
1.14337 892
0.735679 893
1.14624 894
0.882089 895
0.150083 896
0.456195 897
0.645404 898
0.801639 899
0.775403 900
0.679545 901
1.05661 902
1.09193 903
0.596699 904
1.1728 905
0.606012 906
0.56053 907
0.378716 908
0.832995 909
0.591934 910
0.974331 911
1.20985 912
1.22598 913
0.915669 914
1.2792 915
1.28064 916
0.4327 917
0.799453 918
1.17994 919
1.2969 920
0.809482 921
1.33204 922
1.33475 923
1.12446 924
0.690299 925
0.186336 926
0.41625 927
0.622874 928
0.456793 929
0.173277 930
0.287167 931
0.273805 932
0.319864 933
0.11179 934
0.20938 935
0.138409 936
0.290801 937
0.306472 938
0.35733 939
0.30808 940
0.269551 941
0.380296 942
0.317441 943
0.0883912 944
0.106794 945
0.198406 946
0.266895 947
0.122589 948
0.300268 949
0.303798 950
0.0685055 951
0.086406 952
0.0541295 953
0.263591 954
0.227271 955
0.145248 956
0.271533 957
0.315 958
0.178197 959
0.134807 960
0.181246 961
0.194928 962
0.0903383 963
0.175191 964
0.132548 965
0.263078 966
0.153951 967
0.338711 968
0.230185 969
0.146578 970
0.163049 971
0.0946678 972
0.194023 973
0.350407 974
0.0861452 975
0.358575 976
0.233002 977
0.221822 978
0.162521 979
0.307143 980
0.205022 981
0.129495 982
0.265836 983
0.347973 984
0.188351 985
0.363563 986
0.052345 987
0.114739 988
0.0676018 989
0.151242 990
0.287404 991
0.0553624 992
0.245065 993
0.109275 994
0.186231 995
0.293293 996
0.337831 997
0.252462 998
0.137928 999
0.206737 1000
0.10412 1001
0.368793 1002
0.115109 1003
0.360168 1004
0.273923 1005
0.333054 1006
0.359124 1007
0.382064 1008
0.0443847 1009
0.409591 1010
0.397166 1011
0.324549 1012
0.347282 1013
0.322876 1014
0.150333 1015
0.334571 1016
0.314078 1017
0.219429 1018
0.383188 1019
0.408932 1020
0.153264 1021
0.258817 1022
0.253693 1023
0.411306 1024
0.205197 1025
0.270913 1026
0.414374 1027
0.26224 1028
0.320512 1029
0.123847 1030
0.246951 1031
0.126649 1032
0.389874 1033
0.218387 1034
0.121655 1035
0.175114 1036
0.395324 1037
0.212302 1038
0.281258 1039
0.197489 1040
0.226762 1041
0.208139 1042
0.174402 1043
0.186387 1044
0.0995691 1045
0.407953 1046
0.0610737 1047
0.424265 1048
0.297015 1049
0.327928 1050
0.330547 1051
0.219246 1052
0.123329 1053
0.30678 1054
0.238891 1055
0.347651 1056
0.308955 1057
0.354651 1058
0.0508035 1059
0.216234 1060
0.112201 1061
0.192567 1062
0.15979 1063
0.357113 1064
0.345052 1065
0.399825 1066
0.430503 1067
0.0598415 1068
0.186462 1069
0.301916 1070
0.353021 1071
0.385977 1072
0.401434 1073
0.278857 1074
0.258414 1075
0.115412 1076
0.30137 1077
0.411526 1078
0.432584 1079
0.436056 1080
0.0713092 1081
0.0873212 1082
0.10878 1083
0.05728 1084
0.178877 1085
0.312605 1086
0.422019 1087
0.441209 1088
0.443704 1089
0.379117 1090
0.096 1091
0.101074 1092
0.181819 1093
0.458455 1094
0.341716 1095
0.241628 1096
0.461468 1097
0.345743 1098
0.465897 1099
0.345558 1100
0.307332 1101
0.00412311 1102
0.225089 1103
0.237356 1104
0.26661 1105
0.385212 1106
0.489919 1107
0.494128 1108
0.508694 1109
0.23471 1110
0.244598 1111
0.162585 1112
0.206828 1113
0.519736 1114
0.521403 1115
0.209862 1116
0.574819 1117
0.152555 1118
0.577603 1119
0.0904268 1120
0.481269 1121
0.0978366 1122
0.0876584 1123
0.264282 1124
0.291568 1125
0.102577 1126
0.387071 1127
0.248902 1128
0.468129 1129
0.403268 1130
0.592393 1131
0.445785 1132
0.322796 1133
0.593709 1134
0.483046 1135
0.5193 1136
0.602927 1137
0.60643 1138
0.625218 1139
0.159028 1140
0.403184 1141
0.429802 1142
0.681375 1143
0.7163 1144
0.514198 1145
0.350179 1146
0.535728 1147
0.273035 1148
0.201604 1149
0.609026 1150
0.742365 1151
0.495803 1152
0.760953 1153
0.671466 1154
0.336001 1155
0.363985 1156
0.560526 1157
0.7819 1158
0.0857555 1159
0.458184 1160
0.802843 1161
0.859313 1162
0.634833 1163
0.672634 1164
0.290167 1165
0.980548 1166
0.712414 1167
1.04452 1168
0.589869 1169
0.754158 1170
1.21572 1171
1.28876 1172
1.34156 1173
0.947879 1174
1.35081 1175
1.38771 1176
1.40141 1177
1.4122 1178
1.4486 1179
0.842264 1180
1.00588 1181
0.92635 1182
1.52364 1183
0.379771 1184
0.355557 1185
0.355951 1186
0.431464 1187
0.966727 1188
1.15898 1189
0.697511 1190
0.311859 1191
0.496955 1192
0.878091 1193
1.16904 1194
1.09157 1195
0.300832 1196
0.936056 1197
0.636089 1198
0.673425 1199
1.06379 1200
1.48129 1201
1.5698 1202
0.650165 1203
1.41823 1204
1.11936 1205
1.14813 1206
0.492037 1207
0.221183 1208
0.779377 1209
0.858786 1210
0.389104 1211
0.237683 1212
0.085 1213
0.0796241 1214
0.0876641 1215
0.20107 1216
0.0871321 1217
0.232768 1218
0.29111 1219
0.24737 1220
0.287272 1221
0.303534 1222
0.308974 1223
0.346283 1224
0.303817 1225
0.326933 1226
0.333216 1227
0.232573 1228
0.322444 1229
0.366722 1230
0.361732 1231
0.287675 1232
0.227115 1233
0.236597 1234
0.236783 1235
0.207562 1236
0.151568 1237
0.218186 1238
0.154935 1239
0.167705 1240
0.0763806 1241
0.0984124 1242
0.165705 1243
0.105 1244
0.113719 1245
0.205302 1246
0.138521 1247
0.219456 1248
0.225364 1249
0.114739 1250
0.228397 1251
0.246333 1252
0.251813 1253
0.27119 1254
0.305452 1255
0.193331 1256
0.316623 1257
0.0407922 1258
0.117924 1259
0.240875 1260
0.256562 1261
0.200639 1262
0.149345 1263
0.113719 1264
0.148529 1265
0.201896 1266
0.211152 1267
0.263941 1268
0.320326 1269
0.198305 1270
0.249804 1271
0.219495 1272
0.250727 1273
0.309588 1274
0.307065 1275
0.127883 1276
0.3211 1277
0.148973 1278
0.0930484 1279
0.325025 1280
0.312706 1281
0.243647 1282
0.118004 1283
0.0413038 1284
0.212078 1285
0.165303 1286
0.070214 1287
0.108259 1288
0.131685 1289
0.205244 1290
0.327686 1291
0.201435 1292
0.0716938 1293
0.0620081 1294
0.177071 1295
0.22088 1296
0.265932 1297
0.217706 1298
0.344843 1299
0.353696 1300
0.360839 1301
0.200569 1302
0.219009 1303
0.0909065 1304
0.18228 1305
0.160066 1306
0.196888 1307
0.323422 1308
0.363589 1309
0.127632 1310
0.114791 1311
0.288028 1312
0.36386 1313
0.270623 1314
0.185456 1315
0.167171 1316
0.063561 1317
0.0875957 1318
0.170696 1319
0.0962549 1320
0.181246 1321
0.213806 1322
0.0580517 1323
0.173081 1324
0.236592 1325
0.361935 1326
0.364803 1327
0.217911 1328
0.244573 1329
0.36556 1330
0.0925743 1331
0.301869 1332
0.154208 1333
0.372345 1334
0.373957 1335
0.245734 1336
0.168122 1337
0.209093 1338
0.234182 1339
0.376066 1340
0.385269 1341
0.369066 1342
0.386943 1343
0.336786 1344
0.391935 1345
0.397432 1346
0.27522 1347
0.113004 1348
0.0432782 1349
0.398875 1350
0.245967 1351
0.321069 1352
0.195256 1353
0.403792 1354
0.203934 1355
0.399224 1356
0.41701 1357
0.299488 1358
0.418422 1359
0.433281 1360
0.444005 1361
0.362084 1362
0.445364 1363
0.157493 1364
0.211811 1365
0.462612 1366
0.1436 1367
0.0380526 1368
0.322121 1369
0.48391 1370
0.115412 1371
0.308598 1372
0.285944 1373
0.280813 1374
0.145003 1375
0.328317 1376
0.184201 1377
0.422413 1378
0.110752 1379
0.116108 1380
0.472128 1381
0.505854 1382
0.23164 1383
0.507829 1384
0.40002 1385
0.376033 1386
0.245018 1387
0.50064 1388
0.16338 1389
0.442001 1390
0.229532 1391
0.259278 1392
0.532561 1393
0.0845044 1394
0.142667 1395
0.237876 1396
0.541421 1397
0.562641 1398
0.566848 1399
0.101 1400
0.434871 1401
0.189169 1402
0.371323 1403
0.490463 1404
0.27425 1405
0.478769 1406
0.317404 1407
0.595464 1408
0.0680147 1409
0.327397 1410
0.409352 1411
0.438463 1412
0.604306 1413
0.198162 1414
0.61772 1415
0.621807 1416
0.397575 1417
0.356636 1418
0.40217 1419
0.59688 1420
0.1298 1421
0.647341 1422
0.415655 1423
0.681751 1424
0.694709 1425
0.340196 1426
0.451774 1427
0.706824 1428
0.363589 1429
0.654887 1430
0.712498 1431
0.685426 1432
0.712748 1433
0.282179 1434
0.718839 1435
0.738927 1436
0.750137 1437
0.41445 1438
0.810862 1439
0.623232 1440
0.719668 1441
0.793204 1442
0.836292 1443
0.44338 1444
0.86306 1445
0.916668 1446
0.927604 1447
0.827711 1448
1.12889 1449
1.34481 1450
1.40077 1451
1.57978 1452
1.58287 1453
1.5898 1454
1.60397 1455
1.61283 1456
1.61587 1457
0.668618 1458
1.0307 1459
0.589428 1460
0.898967 1461
0.415933 1462
1.63713 1463
1.61621 1464
1.68578 1465
0.102956 1466
1.69596 1467
0.959682 1468
0.981134 1469
1.46105 1470
1.02678 1471
1.07275 1472
1.26969 1473
1.60233 1474
0.374066 1475
1.72654 1476
2.0412 1477
2.04292 1478
2.08032 1479
1.32685 1480
1.55614 1481
1.15139 1482
2.14464 1483
1.55061 1484
0.559483 1485
2.161 1486
1.56983 1487
2.85029 1488
2.90262 1489
3.07306 1490
1.23828 1491
1.67095 1492
3.81573 1493
5.76387 1494
5.55303 1495
1.37325 1496
2.17081 1497
0.452287 1498
0.492424 1499
0.312055 1500
0.238397 1501
0.121709 1502
0.670155 1503
0.810857 1504
0.496166 1505
0.454041 1506
0.45416 1507
0.500052 1508
0.509365 1509
0.52749 1510
0.321121 1511
0.135808 1512
0.350272 1513
0.398401 1514
0.535466 1515
0.244394 1516
0.521045 1517
0.140632 1518
0.430078 1519
0.285216 1520
0.660901 1521
0.238319 1522
0.707767 1523
0.394214 1524
0.707526 1525
0.746383 1526
0.576636 1527
0.5677 1528
0.76436 1529
0.638314 1530
0.406599 1531
0.215865 1532
0.352458 1533
0.26316 1534
0.244896 1535
0.30255 1536
0.311849 1537
0.0818207 1538
0.149441 1539
0.426097 1540
0.446905 1541
0.464789 1542
0.597194 1543
0.228545 1544
0.406121 1545
0.637597 1546
0.380208 1547
0.0775209 1548
0.216807 1549
0.072674 1550
0.0794396 1551
0.230164 1552
0.303988 1553
0.295802 1554
0.27485 1555
0.192859 1556
0.354717 1557
0.366 1558
0.158768 1559
0.127047 1560
0.139867 1561
0.137345 1562
0.162386 1563
0.175446 1564
0.203796 1565
0.234317 1566
0.271341 1567
0.283856 1568
0.15346 1569
0.309582 1570
0.00831189 1571
0.217245 1572
0.248415 1573
0.258666 1574
0.111867 1575
0.337049 1576
0.248681 1577
0.137291 1578
0.373942 1579
0.24589 1580
0.132874 1581
0.223909 1582
0.209334 1583
0.296791 1584
0.110209 1585
0.123726 1586
0.145454 1587
0.087517 1588
0.258352 1589
0.3185 1590
0.214494 1591
0.219573 1592
0.152951 1593
0.0415937 1594
0.215955 1595
0.189149 1596
0.197082 1597
0.190879 1598
0.0412051 1599
0.309482 1600
0.349781 1601
0.2067 1602
0.148494 1603
0.165035 1604
0.204918 1605
0.170611 1606
0.190336 1607
0.176207 1608
0.119789 1609
0.0725947 1610
0.132482 1611
0.134074 1612
0.181206 1613
0.0902582 1614
0.201182 1615
0.0624442 1616
0.159572 1617
0.170508 1618
0.129608 1619
0.177912 1620
0.0218825 1621
0.220259 1622
0.22438 1623
0.259096 1624
0.288598 1625
0.292918 1626
0.297184 1627
0.181967 1628
0.302125 1629
0.288021 1630
0.181178 1631
0.0468677 1632
0.109632 1633
0.143616 1634
0.162238 1635
0.216875 1636
0.31057 1637
0.313168 1638
0.138646 1639
0.345497 1640
0.363601 1641
0.269304 1642
0.294504 1643
0.295719 1644
0.276935 1645
0.168221 1646
0.326258 1647
0.346234 1648
0.230336 1649
0.350688 1650
0.128497 1651
0.305526 1652
0.227393 1653
0.272525 1654
0.0932199 1655
0.335408 1656
0.0372987 1657
0.0628351 1658
0.259477 1659
0.127883 1660
0.0355165 1661
0.269789 1662
0.338387 1663
0.185875 1664
0.276931 1665
0.188147 1666
0.17552 1667
0.281726 1668
0.219335 1669
0.165712 1670
0.227188 1671
0.0961884 1672
0.135166 1673
0.183288 1674
0.21075 1675
0.134652 1676
0.208815 1677
0.202473 1678
0.201915 1679
0.208952 1680
0.212614 1681
0.215863 1682
0.228806 1683
0.278435 1684
0.287616 1685
0.0907171 1686
0.0480838 1687
0.142289 1688
0.218993 1689
0.342792 1690
0.353809 1691
0.0674338 1692
0.275134 1693
0.187495 1694
0.198397 1695
0.192813 1696
0.119126 1697
0.102851 1698
0.142151 1699
0.184034 1700
0.185446 1701
0.140088 1702
0.0781321 1703
0.140418 1704
0.196253 1705
0.198688 1706
0.234172 1707
0.240285 1708
0.0376385 1709
0.194645 1710
0.243433 1711
0.131314 1712
0.329407 1713
0.138665 1714
0.334904 1715
0.334923 1716
0.312984 1717
0.0149483 1718
0.235868 1719
0.3383 1720
0.355334 1721
0.0929065 1722
0.245009 1723
0.0814963 1724
0.10945 1725
0.127865 1726
0.360602 1727
0.215334 1728
0.0504761 1729
0.366421 1730
0.367391 1731
0.32565 1732
0.372065 1733
0.378996 1734
0.231722 1735
0.251004 1736
0.25133 1737
0.316253 1738
0.333581 1739
0.298107 1740
0.257577 1741
0.323581 1742
0.382487 1743
0.142559 1744
0.329151 1745
0.17426 1746
0.350775 1747
0.19792 1748
0.335117 1749
0.342075 1750
0.179613 1751
0.13382 1752
0.366233 1753
0.314992 1754
0.384269 1755
0.388181 1756
0.214083 1757
0.135498 1758
0.168911 1759
0.220439 1760
0.28436 1761
0.351299 1762
0.388792 1763
0.258011 1764
0.385627 1765
0.407693 1766
0.0876092 1767
0.36509 1768
0.0833074 1769
0.118421 1770
0.220695 1771
0.370624 1772
0.410526 1773
0.0923401 1774
0.414357 1775
0.155335 1776
0.0488602 1777
0.418964 1778
0.422769 1779
0.187087 1780
0.176761 1781
0.358528 1782
0.23199 1783
0.120817 1784
0.400339 1785
0.385235 1786
0.272945 1787
0.421711 1788
0.268206 1789
0.216413 1790
0.196644 1791
0.246868 1792
0.198278 1793
0.170813 1794
0.351923 1795
0.270693 1796
0.07572 1797
0.298269 1798
0.138877 1799
0.287572 1800
0.301863 1801
0.285842 1802
0.351555 1803
0.371955 1804
0.391304 1805
0.267247 1806
0.338602 1807
0.186628 1808
0.274022 1809
0.222451 1810
0.268302 1811
0.276355 1812
0.343872 1813
0.0669065 1814
0.214979 1815
0.378557 1816
0.147833 1817
0.265406 1818
0.204883 1819
0.303705 1820
0.179898 1821
0.416249 1822
0.330479 1823
0.184542 1824
0.280434 1825
0.358107 1826
0.237155 1827
0.174559 1828
0.152951 1829
0.333858 1830
0.413942 1831
0.434547 1832
0.432272 1833
0.434272 1834
0.34569 1835
0.442965 1836
0.0641673 1837
0.103596 1838
0.0382045 1839
0.105723 1840
0.447331 1841
0.0244529 1842
0.281591 1843
0.319512 1844
0.452526 1845
0.143462 1846
0.261977 1847
0.349359 1848
0.464036 1849
0.0611588 1850
0.401298 1851
0.151584 1852
0.17471 1853
0.479838 1854
0.144348 1855
0.274472 1856
0.187997 1857
0.178821 1858
0.430913 1859
0.45846 1860
0.207467 1861
0.241775 1862
0.2614 1863
0.320631 1864
0.435548 1865
0.333337 1866
0.464274 1867
0.481162 1868
0.496233 1869
0.186167 1870
0.168228 1871
0.50137 1872
0.151559 1873
0.103139 1874
0.504343 1875
0.159816 1876
0.479754 1877
0.505874 1878
0.49815 1879
0.444323 1880
0.508826 1881
0.535263 1882
0.175159 1883
0.242617 1884
0.245615 1885
0.158143 1886
0.344961 1887
0.418747 1888
0.456718 1889
0.127526 1890
0.199482 1891
0.522516 1892
0.550885 1893
0.553324 1894
0.5634 1895
0.333462 1896
0.309201 1897
0.56609 1898
0.567609 1899
0.589524 1900
0.216609 1901
0.258145 1902
0.0598524 1903
0.593937 1904
0.497136 1905
0.600765 1906
0.603439 1907
0.406223 1908
0.423494 1909
0.605873 1910
0.355585 1911
0.356734 1912
0.609449 1913
0.498455 1914
0.100591 1915
0.624631 1916
0.549668 1917
0.625654 1918
0.340001 1919
0.646302 1920
0.650279 1921
0.390128 1922
0.367031 1923
0.660087 1924
0.059189 1925
0.526811 1926
0.375666 1927
0.516833 1928
0.560801 1929
0.65654 1930
0.69508 1931
0.156802 1932
0.644103 1933
0.052 1934
0.62425 1935
0.700596 1936
0.705514 1937
0.358913 1938
0.509169 1939
0.623353 1940
0.379354 1941
0.617729 1942
0.686177 1943
0.707782 1944
0.738815 1945
0.0762797 1946
0.539378 1947
0.487706 1948
0.755006 1949
0.759977 1950
0.792135 1951
0.762728 1952
0.792508 1953
0.79487 1954
0.173378 1955
0.555249 1956
0.494628 1957
0.798162 1958
0.5019 1959
0.628795 1960
0.652966 1961
0.368022 1962
0.874802 1963
0.447555 1964
0.522667 1965
0.283524 1966
0.911896 1967
0.94972 1968
0.208523 1969
0.963526 1970
0.965951 1971
0.341421 1972
0.993944 1973
0.99416 1974
0.530742 1975
0.498961 1976
0.723499 1977
1.18064 1978
1.1876 1979
1.17661 1980
0.378557 1981
1.25018 1982
1.2621 1983
1.26389 1984
1.31833 1985
0.34263 1986
0.261718 1987
0.649211 1988
0.822557 1989
0.959964 1990
1.10807 1991
1.62841 1992
1.88811 1993
2.19232 1994
5.56721 1995
6.2721 1996
7.71467 1997
10.8944 1998
