-7.655 0.986
-7.655 0.985

-7.655 0.985
-7.74 0.566

-7.74 0.566
-7.5 0.353

-7.5 0.353
-7.625 0.189

-7.625 0.189
-7.955 0.076

-7.5 0.353
-7.07 0.573

-7.07 0.573
-7.125 0.944

-7.125 0.944
-7.005 1.268

-7.005 1.268
-6.62 1.075

-6.62 1.075
-6.355 1.332

-7.625 0.189
-7.36 -0.256

-7.36 -0.256
-7.48 -0.569

-7.955 0.076
-8.095 -0.434

-8.095 -0.434
-8.395 -0.573

-8.395 -0.573
-8.29 -0.767

-6.355 1.332
-5.8 1.355

-5.8 1.355
-5.58 1.505

-5.58 1.505
-5.305 1.111

-5.305 1.111
-5.34 1.048

-5.58 1.505
-5.325 1.986

-5.325 1.986
-5.29 2.166

-5.29 2.166
-5.15 2.274

-5.325 1.986
-5.875 2.026

-5.875 2.026
-6.045 2.262

-6.045 2.262
-6.435 2.493

-6.435 2.493
-6.37 2.888

-6.37 2.888
-6.305 3.293

-5.15 2.274
-5.465 2.742

-5.465 2.742
-5.295 2.99

-6.435 2.493
-6.84 2.095

-6.84 2.095
-7.265 2.3

-7.265 2.3
-7.52 2.753

-7.655 0.986
-8.185 1.205

-8.29 -0.767
-7.925 -1.225

-7.925 -1.225
-7.635 -1.316

-7.635 -1.316
-7.735 -1.657

-8.185 1.205
-7.82 1.709

-7.82 1.709
-8.025 1.992

-5.34 1.048
-5.165 0.408

-5.165 0.408
-4.905 0.072

-4.905 0.072
-4.675 -0.296

-4.675 -0.296
-4.56 -0.451

-4.56 -0.451
-4.37 -0.718

-4.56 -0.451
-4.315 -0.195

-4.37 -0.718
-3.915 -0.839

-3.915 -0.839
-3.415 -0.97

-3.415 -0.97
-3.268 -0.92

-3.415 -0.97
-3.435 -1.185

-3.435 -1.185
-3.315 -1.172

-3.435 -1.185
-3.358 -1.365

-3.315 -1.172
-3.11 -1.213

-3.268 -0.92
-3.08 -0.716

-3.08 -0.716
-2.915 -0.569

-2.915 -0.569
-2.855 -0.351

-2.855 -0.351
-3.02 -0.247

-3.02 -0.247
-3.04 -0.145

-3.358 -1.365
-3.659 -1.49

-2.915 -0.569
-2.45 -0.58

-2.45 -0.58
-2.412 -0.57

-2.45 -0.58
-2.474 -1

-2.474 -1
-2.37 -1.011

-2.37 -1.011
-2.055 -1.055

-2.055 -1.055
-1.907 -1.1

-2.055 -1.055
-1.95 -0.836

-1.95 -0.836
-1.794 -0.815

-1.907 -1.1
-1.885 -1.378

-1.885 -1.378
-1.995 -1.41

-1.995 -1.41
-2.244 -1.39

-2.244 -1.39
-2.4 -1.418

-2.4 -1.418
-2.627 -1.385

-2.244 -1.39
-2.269 -1.68

-2.269 -1.68
-2.453 -1.775

-2.453 -1.775
-2.305 -1.944

-2.305 -1.944
-2.28 -2.242

-2.28 -2.242
-2.17 -2.228

-2.17 -2.228
-2.13 -2.28

-2.13 -2.28
-2.179 -2.3

-2.179 -2.3
-2.28 -2.375

-2.28 -2.375
-2.405 -2.349

-2.13 -2.28
-1.977 -2.185

-2.28 -2.375
-2.315 -2.584

-1.885 -1.378
-1.682 -1.66

-1.977 -2.185
-1.582 -2.125

-1.582 -2.125
-1.44 -2.477

-1.44 -2.477
-1.352 -2.78

-1.352 -2.78
-1.147 -2.79

-1.44 -2.477
-1.13 -2.411

-2.412 -0.57
-2.169 -0.225

-1.794 -0.815
-1.404 -0.61

-1.404 -0.61
-1.387 -0.6

-1.404 -0.61
-1.35 -0.73

-1.387 -0.6
-1.255 -0.62

-1.255 -0.62
-1.255 -0.409

-1.35 -0.73
-1.31 -0.987

-1.255 -0.62
-0.938 -0.685

-0.938 -0.685
-0.989 -0.82

-0.938 -0.685
-0.665 -0.72

-0.665 -0.72
-0.562 -0.695

-0.562 -0.695
-0.463 -0.79

-0.463 -0.79
-0.54 -1.006

-0.54 -1.006
-0.345 -1.105

-0.54 -1.006
-0.637 -1.23

-0.637 -1.23
-0.819 -1.235

-0.665 -0.72
-0.708 -0.43

-0.708 -0.43
-0.827 -0.23

-0.345 -1.105
-0.04 -1.117

-0.04 -1.117
0.115 -0.98

0.115 -0.98
0.285 -1.249

0.285 -1.249
0.407 -1.455

0.407 -1.455
0.58 -1.267

0.58 -1.267
0.53 -1.155

0.53 -1.155
0.662 -0.97

0.662 -0.97
0.703 -0.965

0.662 -0.97
0.535 -0.709

-0.637 -1.23
-0.647 -1.55

0.115 -0.98
-0.134 -0.77

0.407 -1.455
0.246 -1.76

0.246 -1.76
0.233 -1.92

0.246 -1.76
0.524 -1.825

0.524 -1.825
0.62 -1.954

0.524 -1.825
0.69 -1.795

0.62 -1.954
0.405 -2.202

0.246 -1.76
-0.05 -1.605

0.405 -2.202
0.7 -2.37

0.7 -2.37
0.731 -2.625

-0.827 -0.23
-0.88 0.137

-0.647 -1.55
-0.975 -1.744

-0.975 -1.744
-0.819 -1.905

-0.819 -1.905
-0.75 -2.055

-1.255 -0.409
-1.39 -0.032

0.233 -1.92
-0.085 -2.166

-0.085 -2.166
-0.055 -2.54

-0.055 -2.54
0.07 -2.508

0.07 -2.508
0.173 -2.71

0.173 -2.71
0.354 -2.785

-0.055 -2.54
-0.336 -2.695

-0.336 -2.695
-0.438 -2.905

0.173 -2.71
0.035 -3.037

0.035 -3.037
0.16 -3.125

-0.336 -2.695
-0.71 -2.596

-0.134 -0.77
0.159 -0.49

0.159 -0.49
-0.155 -0.22

-0.155 -0.22
0.173 0.06

0.173 0.06
0.181 0.145

0.181 0.145
0.06 0.175

0.173 0.06
0.458 -0.14

0.458 -0.14
0.723 0.055

0.723 0.055
0.566 0.25

0.566 0.25
0.668 0.425

0.723 0.055
1.065 0.21

0.668 0.425
0.881 0.735

0.668 0.425
0.432 0.78

0.432 0.78
0.331 0.81

0.331 0.81
-0.072 0.67

-0.072 0.67
-0.39 0.595

-0.39 0.595
-0.435 0.622

-0.435 0.622
-0.474 0.8

-0.435 0.622
-0.65 0.658

0.731 -2.625
0.854 -3.045

0.854 -3.045
0.74 -3.365

0.74 -3.365
0.696 -3.465

0.696 -3.465
0.56 -3.49

0.56 -3.49
0.415 -3.679

0.415 -3.679
0.425 -3.805

0.425 -3.805
0.315 -3.997

0.415 -3.679
0.171 -3.655

0.171 -3.655
0.13 -3.734

0.13 -3.734
-0.129 -3.68

-0.129 -3.68
-0.225 -3.669

-0.225 -3.669
-0.467 -3.705

0.315 -3.997
0.066 -4.125

0.066 -4.125
-0.139 -4.06

0.425 -3.805
0.756 -3.83

0.854 -3.045
1.235 -2.9

1.235 -2.9
1.189 -2.54

1.189 -2.54
1.155 -2.294

1.155 -2.294
1.146 -2.025

1.189 -2.54
1.452 -2.385

1.452 -2.385
1.64 -2.367

1.64 -2.367
1.858 -2.125

1.858 -2.125
1.835 -2.03

1.835 -2.03
2.005 -1.975

2.005 -1.975
1.995 -1.805

1.995 -1.805
2.041 -1.7

1.146 -2.025
1.3 -1.7

1.3 -1.7
1.175 -1.624

1.3 -1.7
1.606 -1.64

1.175 -1.624
1.066 -1.25

0.881 0.735
0.829 1.175

0.829 1.175
0.67 1.272

-0.65 0.658
-1.035 0.919

-1.035 0.919
-1.437 0.99

-1.437 0.99
-1.615 0.872

-1.615 0.872
-1.425 0.613

-1.437 0.99
-1.59 1.318

-1.425 0.613
-1.8 0.41

-1.8 0.41
-1.84 0.431

-1.84 0.431
-1.929 0.525

-1.929 0.525
-2.22 0.268

-2.22 0.268
-2.644 0.375

-2.644 0.375
-2.605 0.629

-2.605 0.629
-2.649 0.835

-2.649 0.835
-2.335 1.02

-2.335 1.02
-2.335 1.153

-2.649 0.835
-2.725 1.205

-2.725 1.205
-2.603 1.455

-2.603 1.455
-2.78 1.534

-2.78 1.534
-2.628 1.93

-2.649 0.835
-3.075 0.913

-3.075 0.913
-3.349 0.545

-3.349 0.545
-3.705 0.829

-2.78 1.534
-3.207 1.705

-3.207 1.705
-3.43 1.91

-3.43 1.91
-3.35 2.305

-3.35 2.305
-3.365 2.392

-3.365 2.392
-3.035 2.727

-1.035 0.919
-0.8 1.332

-0.8 1.332
-0.778 1.44

-0.8 1.332
-0.555 1.33

-0.778 1.44
-0.65 1.721

-0.65 1.721
-0.39 1.872

-0.39 1.872
-0.358 1.815

-0.39 1.872
-0.22 2.012

-0.22 2.012
0.035 1.996

0.035 1.996
0.135 1.982

-0.22 2.012
-0.305 2.277

-0.305 2.277
-0.303 2.395

-0.303 2.395
-0.103 2.34

-0.103 2.34
0.033 2.28

-0.103 2.34
-0.115 2.568

-0.115 2.568
0.015 2.645

0.135 1.982
0.415 2.081

0.015 2.645
0.272 2.48

0.135 1.982
0.156 1.67

0.156 1.67
0.16 1.536

-0.65 1.721
-0.95 1.811

-0.95 1.811
-1.216 1.65

0.272 2.48
0.345 2.785

-0.95 1.811
-1.195 2.04

-1.195 2.04
-1.355 2.107

-1.195 2.04
-0.94 2.335

-0.94 2.335
-0.945 2.44

1.066 -1.25
1.355 -0.867

0.881 0.735
1.365 0.786

1.365 0.786
1.535 0.759

1.535 0.759
1.754 0.72

1.754 0.72
1.8 0.882

1.754 0.72
1.852 0.525

1.8 0.882
2.015 1.049

2.015 1.049
2.18 1.067

2.18 1.067
2.32 1

2.015 1.049
1.87 1.163

2.32 1
2.595 0.875

2.595 0.875
2.935 0.964

2.935 0.964
2.82 1.204

2.935 0.964
3.119 0.715

3.119 0.715
3.235 0.473

3.119 0.715
3.283 0.97

1.365 0.786
1.347 1.155

1.347 1.155
1.561 1.37

1.561 1.37
1.555 1.47

1.555 1.47
1.575 1.708

1.575 1.708
1.328 1.925

2.595 0.875
2.53 0.509

2.53 0.509
2.533 0.305

2.533 0.305
2.67 0.087

2.67 0.087
2.665 0.05

2.665 0.05
2.605 0.028

2.605 0.028
2.63 -0.214

2.63 -0.214
2.68 -0.259

2.63 -0.214
2.405 -0.205

2.68 -0.259
2.96 -0.419

2.96 -0.419
3.085 -0.475

3.085 -0.475
3.245 -0.329

3.245 -0.329
3.1 -0.236

3.1 -0.236
3.15 -0.146

3.245 -0.329
3.569 -0.335

3.085 -0.475
3.385 -0.675

3.283 0.97
3.595 1.174

3.595 1.174
3.755 1.053

3.755 1.053
3.941 1.14

3.941 1.14
3.79 1.272

3.941 1.14
4.015 0.933

4.015 0.933
3.89 0.806

3.89 0.806
4.11 0.597

4.11 0.597
4.235 0.625

4.235 0.625
4.405 0.775

3.15 -0.146
3.46 0.076

3.46 0.076
3.665 0.057

3.665 0.057
3.95 -0.065

3.95 -0.065
4.185 0.116

4.185 0.116
4.31 -0.065

4.185 0.116
4.49 0.199

3.79 1.272
4.052 1.59

2.405 -0.205
2.1 -0.529

2.1 -0.529
1.89 -0.886

-3.705 0.829
-3.915 1.272

0.345 2.785
0.679 3.15

0.679 3.15
0.548 3.46

0.548 3.46
0.24 3.675

0.24 3.675
0.152 3.665

0.152 3.665
0.03 4.02

0.03 4.02
0.024 4.035

0.024 4.035
0.011 4.025

0.024 4.035
0.125 4.13

0.152 3.665
-0.266 3.705

-0.266 3.705
-0.505 3.68

0.011 4.025
-0.337 4.27

-0.505 3.68
-0.949 3.885

-0.949 3.885
-0.983 3.89

-0.983 3.89
-1.009 3.65

-0.983 3.89
-1.28 4.051

-1.28 4.051
-1.327 3.97

-3.659 -1.49
-4.13 -1.329

-4.13 -1.329
-4.17 -1.725

-4.17 -1.725
-4.28 -1.86

-4.28 -1.86
-4.335 -1.937

-4.28 -1.86
-4.595 -1.519

-1.009 3.65
-1.46 3.438

-1.46 3.438
-1.575 3.36

-1.575 3.36
-1.711 3.14

-1.711 3.14
-1.916 3.275

4.052 1.59
4.555 1.543

4.31 -0.065
4.715 -0.381

4.715 -0.381
4.99 -0.57

-0.505 3.68
-0.616 3.175

-0.616 3.175
-0.386 3.155

-0.386 3.155
-0.076 3.165

-0.616 3.175
-1.032 3.11

3.085 -0.475
2.905 -0.96

2.905 -0.96
2.7 -1.142

0.066 -4.125
-0.132 -4.61

-0.132 -4.61
-0.393 -4.555

-0.393 -4.555
-0.477 -4.53

-4.905 0.072
-4.49 0.399

-4.49 0.399
-4.015 0.307

2.82 1.204
3.019 1.695

-0.337 4.27
-0.765 4.6

-0.765 4.6
-0.997 4.78

0.756 -3.83
1.306 -3.8

1.306 -3.8
1.468 -3.655

1.306 -3.8
1.476 -4.02

1.468 -3.655
1.821 -3.63

1.821 -3.63
1.965 -3.491

-1.59 1.318
-1.978 1.715

-1.978 1.715
-1.97 1.908

4.99 -0.57
5.395 -0.96

5.395 -0.96
5.315 -1.187

5.395 -0.96
5.725 -0.955

4.405 0.775
4.94 0.566

4.94 0.566
5.435 0.465

5.435 0.465
5.755 0.228

5.755 0.228
5.715 0.007

5.755 0.228
6.155 0.205

1.065 0.21
1.567 -0.075

1.567 -0.075
1.452 -0.255

0.548 3.46
0.77 3.994

0.77 3.994
0.819 4.11

0.77 3.994
1.276 3.725

1.276 3.725
1.714 3.705

-0.337 4.27
-0.147 4.82

-0.147 4.82
-0.035 4.895

-0.035 4.895
-0.117 5.055

-0.035 4.895
0.228 4.88

0.228 4.88
0.527 4.995

0.527 4.995
0.543 5.24

0.543 5.24
0.645 5.395

0.543 5.24
0.748 5.16

0.527 4.995
0.72 4.785

0.72 4.785
1.08 4.835

1.08 4.835
1.367 4.68

1.367 4.68
1.531 4.635

1.531 4.635
1.537 4.62

1.537 4.62
1.413 4.45

0.543 5.24
0.22 5.425

0.645 5.395
0.67 5.85

1.537 4.62
2.091 4.63

2.091 4.63
2.262 5.165

0.67 5.85
0.646 6.42

0.646 6.42
0.627 6.505

0.627 6.505
0.611 6.525

0.611 6.525
0.244 6.9

0.244 6.9
-0.213 6.7

-0.213 6.7
-0.168 6.295

-0.168 6.295
-0.327 5.985

-0.168 6.295
-0.522 6.405

-0.213 6.7
-0.461 7.15

-0.461 7.15
-0.307 7.29

-0.307 7.29
-0.296 7.795

-0.296 7.795
-0.599 7.73

-0.599 7.73
-0.826 7.55

-0.826 7.55
-1.39 7.47

-1.39 7.47
-1.603 7.065

-1.603 7.065
-1.929 7.35

-1.929 7.35
-1.98 7.65

-0.296 7.795
0.19 8.095

-2.315 -2.584
-2.607 -3.09

-2.607 -3.09
-2.275 -3.248

-2.275 -3.248
-2.048 -3.35

-2.048 -3.35
-2.005 -3.658

-2.005 -3.658
-1.53 -3.802

-1.53 -3.802
-1.24 -3.58

-1.53 -3.802
-1.752 -4.26

-3.365 2.392
-3.85 2.726

-3.85 2.726
-3.815 3.28

-3.815 3.28
-3.931 3.45

-3.931 3.45
-3.805 3.62

-3.931 3.45
-4.385 3.479

-4.385 3.479
-4.475 3.746

1.476 -4.02
1.658 -4.585

1.658 -4.585
1.826 -4.815

1.826 -4.815
2.193 -4.46

2.193 -4.46
2.34 -4.045

2.34 -4.045
2.572 -3.89

2.572 -3.89
2.54 -3.749

2.54 -3.749
2.71 -3.504

2.71 -3.504
3.145 -3.44

3.145 -3.44
3.635 -3.691

1.826 -4.815
1.453 -5.245

1.453 -5.245
1.666 -5.38

1.666 -5.38
1.687 -5.505

1.453 -5.245
1.208 -5.62

1.208 -5.62
0.958 -5.91

0.958 -5.91
1.162 -6.015

1.162 -6.015
1.404 -5.98

0.958 -5.91
0.639 -5.83

0.639 -5.83
0.559 -5.46

0.559 -5.46
0.849 -5.255

0.559 -5.46
0.228 -5.29

1.404 -5.98
1.846 -6.195

2.572 -3.89
3.145 -4.04

1.826 -4.815
2.342 -5.11

2.342 -5.11
2.55 -5.185

-4.595 -1.519
-5.19 -1.534

-5.19 -1.534
-5.305 -1.209

-5.19 -1.534
-5.525 -1.868

-5.525 -1.868
-5.315 -2.143

-5.315 -2.143
-5.57 -2.225

-5.305 -1.209
-5.525 -0.701

-5.525 -0.701
-5.875 -0.367

2.262 5.165
2.018 5.715

3.635 -3.691
3.808 -3.11

3.808 -3.11
3.935 -3.018

3.808 -3.11
3.48 -2.856

3.48 -2.856
3.24 -2.575

3.24 -2.575
3.351 -2.5

3.24 -2.575
3.108 -2.615

3.24 -2.575
3.115 -2.365

3.115 -2.365
3.215 -2.006

3.215 -2.006
3.545 -1.905

3.215 -2.006
2.89 -1.803

2.89 -1.803
3.22 -1.58

3.545 -1.905
3.715 -1.53

3.715 -1.53
3.905 -1.351

3.905 -1.351
4.017 -1.4

4.017 -1.4
4.35 -1.356

4.35 -1.356
4.529 -1.225

3.935 -3.018
4.29 -3.252

3.108 -2.615
2.623 -2.65

2.623 -2.65
2.305 -2.68

2.305 -2.68
2.358 -2.94

3.545 -1.905
4.045 -2.157

6.155 0.205
6.185 -0.413

6.185 -0.413
6.31 -0.723

6.31 -0.723
6.575 -1.149

5.435 0.465
5.465 1.085

4.045 -2.157
4.665 -2.209

4.665 -2.209
4.51 -2.609

4.51 -2.609
4.91 -2.835

4.91 -2.835
4.96 -3.223

4.91 -2.835
5.38 -2.438

6.575 -1.149
6.18 -1.636

6.18 -1.636
5.79 -1.698

6.18 -1.636
6.2 -2.077

0.19 8.095
-0.105 8.665

-0.105 8.665
-0.028 8.73

-0.028 8.73
0.565 8.675

0.565 8.675
0.627 8.975

0.627 8.975
1.004 9.325

1.004 9.325
0.825 9.64

0.825 9.64
0.611 10.025

0.611 10.025
0.325 9.895

0.325 9.895
0.073 9.735

0.073 9.735
-0.042 9.545

-0.042 9.545
-0.431 9.74

0.325 9.895
0.178 10.4

0.178 10.4
-0.213 10.66

-0.213 10.66
-0.613 10.485

1.004 9.325
1.54 9.06

1.54 9.06
1.614 9.005

1.614 9.005
1.883 9.03

1.883 9.03
1.788 8.67

1.883 9.03
2.209 9.415

2.209 9.415
2.772 9.19

2.772 9.19
3.298 9.525

-0.213 10.66
-0.32 11.29

3.635 -3.691
4.223 -3.955

4.223 -3.955
4.322 -3.905

4.223 -3.955
4.029 -4.48

1.658 -4.585
1.012 -4.625

1.162 -6.015
1.009 -6.645

1.009 -6.645
0.689 -6.81

0.689 -6.81
0.606 -6.74

0.689 -6.81
0.793 -7.22

0.793 -7.22
0.324 -7.275

0.324 -7.275
0.269 -7.275

0.269 -7.275
-0.177 -7.35

-0.177 -7.35
-0.177 -7.415

-0.177 -7.35
-0.355 -7.07

-0.355 -7.07
-0.79 -7.03

-0.79 -7.03
-0.685 -6.765

-0.685 -6.765
-0.741 -6.155

-0.741 -6.155
-0.842 -5.73

-0.842 -5.73
-1.196 -5.595

-1.196 -5.595
-1.297 -5.89

-1.297 -5.89
-1.562 -5.99

-0.842 -5.73
-0.456 -5.82

-1.196 -5.595
-1.335 -5.179

-0.842 -5.73
-0.648 -5.295

-1.335 -5.179
-1.825 -5.21

-1.825 -5.21
-2.271 -5.105

-0.685 -6.765
-0.135 -6.48

-0.135 -6.48
0.139 -6.285

1.328 1.925
1.185 2.562

1.185 2.562
1.675 2.545

1.675 2.545
1.902 3.06

1.846 -6.195
2.249 -6.715

2.249 -6.715
1.989 -7.175

-0.613 10.485
-1.272 10.48

-1.272 10.48
-1.495 10.27

-1.495 10.27
-1.898 10.25

-1.898 10.25
-2.13 10.175

-2.13 10.175
-2.35 10.315

-1.495 10.27
-1.366 9.82

-1.366 9.82
-1.6 9.51

-1.6 9.51
-2.039 9.53

-2.039 9.53
-2.153 9.455

-2.153 9.455
-2.602 9.545

-1.272 10.48
-1.287 10.975

-1.287 10.975
-1.093 10.99

-1.093 10.99
-1.077 11.125

-5.875 -0.367
-6.395 0.041

-6.395 0.041
-6.12 0.287

-6.12 0.287
-5.97 0.525

-5.315 -2.143
-5.12 -2.775

-5.12 -2.775
-5.31 -2.953

-5.31 -2.953
-5.4 -3.153

-1.28 4.051
-1.69 4.578

-1.69 4.578
-1.767 4.995

-0.79 -7.03
-1.459 -6.985

-1.459 -6.985
-1.546 -7.29

-1.546 -7.29
-1.545 -7.86

-1.545 -7.86
-1.215 -8.055

-1.215 -8.055
-1.106 -8.175

-1.106 -8.175
-1.131 -8.42

-1.131 -8.42
-1.487 -8.6

-1.487 -8.6
-1.605 -8.535

-1.487 -8.6
-1.578 -8.745

-1.578 -8.745
-1.168 -8.995

-1.168 -8.995
-1.625 -9.42

-1.168 -8.995
-0.524 -8.965

-0.524 -8.965
-0.526 -9.135

-0.32 11.29
-0.046 11.905

-0.046 11.905
0.235 11.915

-0.046 11.905
-0.082 12.255

-0.082 12.255
0.295 12.475

0.295 12.475
0.33 12.66

0.33 12.66
0.733 12.845

0.733 12.845
1.112 12.82

1.112 12.82
1.201 12.77

1.112 12.82
1.248 13.115

1.248 13.115
0.998 13.235

0.33 12.66
0.213 13.115

0.213 13.115
0.4 13.275

0.4 13.275
0.374 13.45

0.235 11.915
0.659 11.63

0.374 13.45
0.046 13.875

0.659 11.63
0.484 11.095

0.046 13.875
-0.486 14.17

0.748 5.16
1.341 5.48

3.019 1.695
3.39 2.263

3.39 2.263
3.698 2.45

3.698 2.45
3.608 2.705

3.608 2.705
3.363 3.145

3.363 3.145
3.605 3.305

3.605 3.305
3.799 3.39

3.605 3.305
3.543 3.54

3.363 3.145
2.895 2.975

-5.305 -1.209
-5.985 -1.247

-5.985 -1.247
-6.135 -1.513

-5.985 -1.247
-6.36 -1.158

-6.36 -1.158
-6.485 -0.875

-6.485 -0.875
-6.49 -0.82

-6.485 -0.875
-6.685 -1.091

-6.685 -1.091
-6.78 -1.111

-6.78 -1.111
-6.78 -1.07

-6.78 -1.07
-6.95 -1.064

-6.135 -1.513
-6.3 -1.978

-6.3 -1.978
-6.95 -1.916

-6.95 -1.916
-6.95 -2.065

-6.95 -2.065
-7.1 -2.317

-7.1 -2.317
-7.28 -2.446

-0.526 -9.135
-0.102 -9.67

-0.102 -9.67
0.16 -9.95

-0.102 -9.67
-0.437 -9.88

0.16 -9.95
0.586 -9.925

0.586 -9.925
1.022 -9.925

1.022 -9.925
1.188 -10.02

1.188 -10.02
1.201 -10.05

1.201 -10.05
1.313 -10.345

1.188 -10.02
1.311 -9.71

-0.437 -9.88
-0.932 -9.925

-0.932 -9.925
-1.432 -10.125

0.16 -9.95
0.051 -10.575

0.051 -10.575
-0.192 -10.645

-0.192 -10.645
-0.117 -10.81

-0.192 -10.645
-0.725 -10.985

-0.725 -10.985
-0.898 -11.255

-0.725 -10.985
-0.318 -11.435

-0.318 -11.435
0.053 -11.67

-1.432 -10.125
-1.941 -10.57

-7.28 -2.446
-7.79 -2.905

-7.79 -2.905
-7.855 -3.113

-7.79 -2.905
-8.205 -2.607

-8.205 -2.607
-8.72 -2.163

-8.72 -2.163
-8.815 -1.899

-8.815 -1.899
-8.82 -1.77

-8.82 -1.77
-8.85 -1.215

-8.85 -1.215
-9.335 -1.006

-0.522 6.405
-1.19 6.205

-1.19 6.205
-1.36 5.935

-2.271 -5.105
-2.946 -4.83

-2.946 -4.83
-3.16 -4.26

-4.475 3.746
-4.515 4.491

1.788 8.67
1.685 7.925

1.685 7.925
1.471 7.825

1.471 7.825
1.172 7.78

1.172 7.78
1.054 7.99

1.054 7.99
1.144 8.07

1.172 7.78
0.936 7.37

-2.607 -3.09
-3.23 -2.648

-3.23 -2.648
-3.191 -2.42

-3.191 -2.42
-3.325 -2.194

-3.23 -2.648
-3.524 -3.08

2.895 2.975
2.527 2.3

-5.15 2.274
-4.41 2.05

5.465 1.085
6.019 1.675

6.019 1.675
6.405 2.226

6.405 2.226
6.64 1.997

6.64 1.997
6.91 2.282

6.405 2.226
6.035 2.713

6.035 2.713
5.685 2.807

5.685 2.807
5.22 2.89

-1.69 4.578
-2.449 4.285

-3.805 3.62
-2.971 3.61

0.659 11.63
1.454 11.365

2.772 9.19
3.17 8.445

3.17 8.445
2.687 8.28

-1.077 11.125
-0.986 11.965

-0.986 11.965
-1.825 11.885

-1.825 11.885
-1.989 12.04

-1.989 12.04
-2.486 11.73

-2.486 11.73
-2.542 11.695

-9.335 -1.006
-10.08 -1.42

1.313 -10.345
2.149 -10.52

2.149 -10.52
1.843 -11.03

2.149 -10.52
2.189 -9.78

2.189 -9.78
2.133 -8.965

2.133 -8.965
2.523 -8.8

2.523 -8.8
2.663 -8.62

2.663 -8.62
3.036 -8.43

3.036 -8.43
3.025 -8.375

2.133 -8.965
1.827 -8.35

1.827 -8.35
1.44 -8.41

1.44 -8.41
1.032 -8.82

1.032 -8.82
0.685 -8.605

0.685 -8.605
0.813 -8.24

0.685 -8.605
0.324 -8.76

3.036 -8.43
3.783 -8.375

3.783 -8.375
4.058 -8.985

-0.486 14.17
-0.857 14.97

-0.857 14.97
-1.464 15.28

-1.464 15.28
-2.222 14.995

-2.222 14.995
-2.509 14.575

-2.509 14.575
-2.975 13.975

-2.975 13.975
-3.071 13.555

6.91 2.282
7.27 3.09

7.27 3.09
6.765 3.232

7.27 3.09
7.92 2.879

7.92 2.879
8.305 2.616

-1.603 7.065
-2.307 6.525

-0.898 -11.255
-1.393 -12

-1.393 -12
-1.256 -12.32

-1.256 -12.32
-1.03 -12.215

-1.256 -12.32
-1.438 -12.98

-1.438 -12.98
-2.009 -12.79

-2.009 -12.79
-2.153 -12.79

6.64 1.997
6.875 1.133

6.875 1.133
7.105 0.713

7.105 0.713
7.405 0.528

7.405 0.528
7.635 0.293

7.635 0.293
7.41 0.051

7.41 0.051
7.265 0.141

7.41 0.051
7.4 -0.446

7.4 -0.446
7.335 -0.639

7.635 0.293
8.16 0.285

8.16 0.285
8.555 -0.002

8.555 -0.002
8.735 -0.283

8.16 0.285
8.64 0.55

8.64 0.55
9.015 0.707

9.015 0.707
8.9 1.093

8.9 1.093
8.84 1.422

8.9 1.093
9.365 1.256

8.84 1.422
9.15 1.877

7.405 0.528
7.755 0.972

8.735 -0.283
9.3 0.032

9.3 0.032
9.595 0.123

9.595 0.123
10.28 -0.064

10.28 -0.064
10.28 0.344

10.28 0.344
10.87 0.399

10.87 0.399
10.915 0.122

10.915 0.122
10.78 -0.446

10.78 -0.446
10.54 -0.653

10.54 -0.653
10.43 -0.897

10.43 -0.897
10.725 -1.103

10.725 -1.103
10.96 -1.018

10.96 -1.018
11.1 -1.11

10.96 -1.018
11.09 -0.891

11.09 -0.891
11.315 -0.501

11.315 -0.501
11.615 -0.823

11.615 -0.823
11.895 -0.913

11.615 -0.823
11.58 -1.199

11.58 -1.199
11.565 -1.631

11.565 -1.631
11.255 -1.566

11.315 -0.501
11.7 -0.278

11.7 -0.278
11.72 -0.218

11.565 -1.631
12.055 -1.569

11.7 -0.278
12.22 -0.436

12.22 -0.436
12.44 -0.341

12.44 -0.341
12.545 -0.294

12.545 -0.294
12.795 -0.567

12.795 -0.567
12.625 -1.03

12.625 -1.03
12.525 -1.168

12.525 -1.168
12.505 -1.221

12.525 -1.168
12.445 -1.149

12.795 -0.567
13.29 -0.304

13.29 -0.304
13.475 -0.784

10.43 -0.897
9.92 -1.261

10.28 0.344
10.185 0.984

9.15 1.877
9.21 2.596

11.255 -1.566
10.835 -2.178

10.835 -2.178
10.46 -2.097

10.46 -2.097
10.345 -2.247

10.345 -2.247
10.27 -2.14

10.835 -2.178
11.14 -2.724

11.14 -2.724
10.68 -2.827

13.475 -0.784
13.81 -1.478

13.81 -1.478
13.57 -1.675

13.57 -1.675
13.42 -1.959

13.42 -1.959
13.075 -1.979

13.81 -1.478
14.21 -1.888

14.21 -1.888
14.695 -1.576

14.695 -1.576
14.855 -1.393

14.855 -1.393
14.505 -0.85

14.505 -0.85
14.975 -0.592

14.975 -0.592
14.78 -0.056

14.78 -0.056
14.3 0.136

14.975 -0.592
15.61 -0.594

15.61 -0.594
15.755 -1.161

15.755 -1.161
15.715 -1.881

15.61 -0.594
15.775 0.125

15.775 0.125
16.2 0.289

12.545 -0.294
12.58 0.483

12.58 0.483
13.16 0.871

12.58 0.483
11.97 0.941

8.735 -0.283
8.975 -1.057

8.975 -1.057
8.515 -1.255

8.515 -1.255
8.88 -1.577

8.88 -1.577
9.26 -2.047

9.26 -2.047
9.15 -2.243

9.15 -2.243
9.32 -2.367

9.32 -2.367
9.12 -2.608

8.515 -1.255
7.915 -1.73

7.915 -1.73
7.695 -1.758

7.915 -1.73
8.04 -2.003

8.04 -2.003
8.01 -2.496

8.01 -2.496
7.445 -2.315

10.185 0.984
10.545 1.827

10.545 1.827
10.4 2.005

10.4 2.005
10.285 2.074

10.285 2.074
10.3 2.531

10.545 1.827
11.14 2.065

11.14 2.065
11.075 2.455

11.14 2.065
11.72 2.236

11.72 2.236
12.105 2.998

-1.438 -12.98
-1.436 -13.9

-1.436 -13.9
-1.972 -14.215

-1.436 -13.9
-0.603 -13.54

-0.603 -13.54
-0.354 -13.7

-0.354 -13.7
0.113 -13.305

0.113 -13.305
0.487 -13.025

0.487 -13.025
0.579 -13.095

-9.335 -1.006
-9.715 -0.163

-9.715 -0.163
-9.725 0.143

-9.725 0.143
-9.52 0.204

-9.52 0.204
-9.225 0.46

-9.725 0.143
-10.12 0.059

-10.12 0.059
-10.54 0.048

-9.225 0.46
-9.26 0.893

-9.26 0.893
-9.07 0.881

-9.26 0.893
-9.3 1.121

-9.3 1.121
-9.415 1.371

-10.54 0.048
-10.415 -0.406

-10.415 -0.406
-10.335 -0.489

-9.415 1.371
-9.815 1.66

-9.815 1.66
-10.175 2.001

-9.815 1.66
-10.285 1.348

-10.285 1.348
-10.205 1.225

-10.285 1.348
-10.84 1.278

-10.84 1.278
-10.96 1.28

-10.96 1.28
-10.955 0.832

-10.955 0.832
-10.725 0.714

-10.955 0.832
-11.135 0.595

-11.135 0.595
-11.095 0.245

-9.415 1.371
-9.135 1.877

-9.135 1.877
-8.985 2.09

-10.96 1.28
-11.515 1.509

-11.515 1.509
-11.83 1.71

-11.515 1.509
-11.135 2.05

-11.135 2.05
-11.45 2.649

-11.45 2.649
-11.83 2.614

-11.095 0.245
-11.78 0.219

-11.78 0.219
-12.595 -0.13

-7.52 2.753
-8.45 2.988

-8.45 2.988
-9.035 3.104

-9.035 3.104
-9.575 3.022

-8.45 2.988
-8.26 3.905

2.149 -10.52
3.005 -10.97

3.005 -10.97
3.286 -11.875

4.058 -8.985
4.805 -8.37

-1.98 7.65
-1.482 8.495

7.92 2.879
8.46 3.698

0.046 13.875
0.703 14.615

0.703 14.615
0.982 14.79

9.12 -2.608
8.745 -3.527

-4.515 4.491
-5.064 5.325

0.053 -11.67
0.95 -12.12

0.95 -12.12
1.28 -12.075

1.28 -12.075
1.643 -12.57

1.643 -12.57
2.353 -12.435

2.353 -12.435
2.387 -12.545

-2.509 14.575
-1.66 14.03

3.543 3.54
3.79 4.542

-2.307 6.525
-3.104 7.23

-3.104 7.23
-3.131 7.695

-2.222 14.995
-2.502 16.025

-2.502 16.025
-3.086 15.825

-12.595 -0.13
-13.455 -0.801

-13.455 -0.801
-13.505 -1.093

-13.455 -0.801
-13.755 -0.699

-13.755 -0.699
-14.345 -0.731

-14.345 -0.731
-14.435 -1.017

-14.435 -1.017
-14.27 -1.316

-14.435 -1.017
-14.87 -1.275

-14.345 -0.731
-14.905 -0.628

-14.905 -0.628
-15.32 -0.432

-14.87 -1.275
-15.455 -1.674

-15.455 -1.674
-15.485 -1.964

-15.485 -1.964
-15.065 -2.247

-15.065 -2.247
-14.875 -2.008

-13.755 -0.699
-13.93 0.066

-13.93 0.066
-13.575 0.616

-13.575 0.616
-13.305 0.752

-13.575 0.616
-13.915 0.831

-13.915 0.831
-13.755 1.01

-14.27 -1.316
-13.785 -2.123

-13.755 1.01
-13.145 1.844

-13.785 -2.123
-12.795 -2.442

-12.795 -2.442
-13.325 -3.092

-12.795 -2.442
-12.41 -1.5

-12.41 -1.5
-11.95 -1.229

-11.95 -1.229
-11.75 -1.541

-11.75 -1.541
-11.24 -1.532

-11.24 -1.532
-11.395 -2.163

-11.395 -2.163
-11.315 -2.225

1.201 12.77
2.293 12.59

2.293 12.59
2.571 11.965

2.571 11.965
3.153 11.22

3.153 11.22
3.032 10.855

6.765 3.232
7.305 4.217

-13.755 1.01
-14.56 1.815

-13.325 -3.092
-12.98 -4.179

-2.502 16.025
-1.622 16.755

-1.622 16.755
-2.204 17.205

0.982 14.79
1.366 15.87

1.366 15.87
0.55 16.205

0.55 16.205
0.42 16.13

0.55 16.205
0.517 16.66

0.517 16.66
0.356 17.285

0.356 17.285
-0.424 17.47

-0.424 17.47
-0.699 18.195

-0.699 18.195
-0.033 18.33

0.517 16.66
1.499 17.05

-0.699 18.195
-0.86 19.275

-0.86 19.275
-1.455 19.32

12.105 2.998
13.03 2.277

13.03 2.277
13.575 2.542

13.575 2.542
14.04 2.229

14.04 2.229
14.405 2.128

14.405 2.128
15.165 1.787

15.165 1.787
15.51 1.306

14.405 2.128
14.665 3.067

3.005 -10.97
4.132 -10.53

-15.065 -2.247
-15.835 -3.201

-15.835 -3.201
-16.75 -3.166

-3.104 7.23
-4.381 7.305

-1.562 -5.99
-2.791 -6.35

-2.791 -6.35
-3.218 -6.42

-3.218 -6.42
-3.433 -7.19

-3.218 -6.42
-4.234 -5.82

-11.83 2.614
-12.545 3.696

-12.545 3.696
-12.62 4.502

-2.449 4.285
-3.138 5.425

3.153 11.22
4.484 11.32

4.484 11.32
5.481 10.8

5.481 10.8
5.944 10.288

5.944 10.288
6.119 10.224

6.119 10.224
6.511 10.364

6.511 10.364
7.117 10.22

7.117 10.22
7.569 10.286

7.569 10.286
7.548 10.458

7.569 10.286
7.848 10.354

7.848 10.354
8.035 10.554

8.035 10.554
8.278 10.346

8.278 10.346
8.382 10.305

8.382 10.305
8.526 10.457

8.526 10.457
8.437 10.563

8.526 10.457
8.808 10.386

8.808 10.386
8.978 10.641

8.035 10.554
8.162 10.888

8.162 10.888
8.155 11.196

8.155 11.196
8.062 11.449

8.978 10.641
9.347 10.733

9.347 10.733
9.652 10.821

9.652 10.821
9.734 10.854

9.734 10.854
9.747 10.748

9.747 10.748
9.94 10.702

9.94 10.702
9.868 10.445

9.868 10.445
9.856 10.323

9.734 10.854
9.79 11.149

9.79 11.149
9.812 11.452

9.812 11.452
9.755 11.49

9.755 11.49
9.72 11.569

9.72 11.569
9.667 11.58

9.667 11.58
9.493 11.778

9.493 11.778
9.699 11.874

9.699 11.874
9.648 12.01

9.648 12.01
9.379 12.047

9.94 10.702
10.192 10.891

10.192 10.891
10.319 10.766

10.319 10.766
10.452 10.744

10.319 10.766
10.358 10.589

10.358 10.589
10.339 10.395

10.339 10.395
10.299 10.314

10.299 10.314
10.465 10.258

10.465 10.258
10.552 10.358

10.465 10.258
10.432 9.997

10.432 9.997
10.281 10.027

9.812 11.452
10.126 11.325

10.126 11.325
10.35 11.378

10.35 11.378
10.363 11.232

10.35 11.378
10.346 11.541

10.346 11.541
10.265 11.59

10.265 11.59
10.268 11.784

10.281 10.027
9.978 9.851

9.978 9.851
9.964 9.766

9.652 10.821
9.428 11.101

9.428 11.101
9.195 11.1

9.195 11.1
9.236 11.318

9.236 11.318
9.074 11.331

9.074 11.331
8.785 11.435

8.785 11.435
8.782 11.23

8.782 11.23
8.67 11.165

8.785 11.435
8.523 11.39

8.785 11.435
8.963 11.734

8.963 11.734
8.837 11.874

9.964 9.766
9.611 9.853

9.611 9.853
9.573 9.889

9.611 9.853
9.553 9.754

9.553 9.754
9.562 9.687

9.562 9.687
9.417 9.644

9.417 9.644
9.166 9.504

9.166 9.504
9.185 9.452

9.185 9.452
8.996 9.296

8.996 9.296
8.901 9.35

8.901 9.35
8.75 9.241

8.75 9.241
8.58 9.002

8.996 9.296
9.269 9.097

9.269 9.097
9.45 8.921

9.45 8.921
9.382 8.801

9.382 8.801
9.338 8.599

9.338 8.599
9.234 8.604

9.562 9.687
9.7 9.345

9.7 9.345
9.591 9.308

9.7 9.345
10.06 9.334

10.06 9.334
10.313 9.229

10.06 9.334
9.898 9.043

9.898 9.043
9.859 8.686

8.837 11.874
8.46 11.812

8.46 11.812
8.417 11.801

10.346 11.541
10.704 11.74

10.704 11.74
11.05 11.545

11.05 11.545
11.366 11.471

11.366 11.471
11.38 11.818

11.38 11.818
11.337 12.138

11.337 12.138
11.451 12.236

11.38 11.818
11.687 11.951

11.687 11.951
12.001 11.958

12.001 11.958
12.026 12.176

11.366 11.471
11.749 11.483

11.451 12.236
11.143 12.505

11.143 12.505
11.044 12.622

11.044 12.622
10.863 12.807

10.863 12.807
10.765 12.573

8.062 11.449
7.975 11.851

7.975 11.851
7.984 12.056

7.984 12.056
8.049 12.319

10.313 9.229
10.608 9.52

10.608 9.52
10.815 9.681

10.815 9.681
10.933 9.383

10.933 9.383
10.856 9.286

10.933 9.383
11.101 9.202

11.101 9.202
11.223 9.236

10.856 9.286
10.667 8.945

10.667 8.945
10.68 8.727

10.68 8.727
10.596 8.639

10.596 8.639
10.504 8.788

11.223 9.236
11.507 8.961

11.507 8.961
11.351 8.817

11.507 8.961
11.652 8.72

11.652 8.72
11.573 8.539

11.573 8.539
11.648 8.325

11.648 8.325
11.587 8.126

11.587 8.126
11.483 7.986

11.483 7.986
11.327 7.884

11.327 7.884
11.382 7.801

11.382 7.801
11.431 7.396

11.431 7.396
11.392 7.349

8.58 9.002
8.595 8.578

8.595 8.578
8.592 8.281

8.595 8.578
8.276 8.654

8.276 8.654
7.946 8.673

7.946 8.673
7.883 8.463

7.883 8.463
7.892 8.34

7.883 8.463
7.578 8.496

7.578 8.496
7.383 8.634

7.946 8.673
7.727 8.943

7.727 8.943
8.02 9.041

8.592 8.281
8.908 8.12

8.908 8.12
8.938 8.161

8.908 8.12
8.877 7.906

8.877 7.906
8.81 7.816

8.81 7.816
8.739 7.637

8.739 7.637
8.616 7.535

8.616 7.535
8.487 7.202

8.487 7.202
8.832 7.196

8.739 7.637
9.133 7.569

11.507 8.961
11.869 9.194

11.869 9.194
11.859 9.253

11.859 9.253
11.787 9.425

11.869 9.194
12.102 9.002

11.787 9.425
11.667 9.757

11.667 9.757
11.844 10.1

11.667 9.757
11.422 10.075

11.422 10.075
11.178 9.94

11.178 9.94
11.151 10.197

11.151 10.197
11.049 10.251

11.049 10.251
11.131 10.541

11.131 10.541
10.966 10.918

11.787 9.425
12.192 9.577

8.382 10.305
8.581 9.917

8.581 9.917
8.608 9.851

8.608 9.851
8.588 9.766

8.608 9.851
8.716 9.864

8.716 9.864
8.732 9.919

8.588 9.766
8.434 9.675

8.434 9.675
8.155 9.816

8.732 9.919
9.142 10.019

10.268 11.784
10.4 12.205

11.749 11.483
11.632 11.055

11.632 11.055
11.719 10.686

11.719 10.686
11.719 10.59

11.719 10.59
11.809 10.544

11.809 10.544
11.916 10.691

10.863 12.807
10.473 13.048

10.473 13.048
10.176 12.879

10.176 12.879
10.096 12.651

8.938 8.161
9.391 8.073

9.391 8.073
9.568 7.776

7.727 8.943
7.685 9.407

7.685 9.407
7.346 9.34

7.346 9.34
7.044 9.397

7.044 9.397
7.043 9.401

7.043 9.401
6.824 9.349

6.824 9.349
6.947 9.146

6.947 9.146
6.687 9.087

7.043 9.401
7.245 9.729

7.984 12.056
7.495 12.086

10.096 12.651
9.607 12.722

12.192 9.577
12.593 9.89

12.593 9.89
12.728 10.082

12.728 10.082
12.94 9.96

12.94 9.96
13.093 10.015

13.093 10.015
13.03 10.212

6.687 9.087
6.434 8.633

11.916 10.691
12.435 10.741

12.435 10.741
12.416 10.95

7.117 10.22
7.006 10.784

7.006 10.784
7.134 10.867

8.832 7.196
9.372 6.991

9.372 6.991
9.443 7.047

9.443 7.047
9.921 6.991

9.921 6.991
9.995 7.055

9.995 7.055
10.067 7.005

10.067 7.005
10.293 6.868

10.293 6.868
10.227 6.584

10.227 6.584
10.278 6.495

9.995 7.055
10.115 7.423

10.115 7.423
10.291 7.599

10.291 7.599
10.672 7.871

10.672 7.871
10.345 8.107

7.134 10.867
6.909 11.415

6.909 11.415
6.477 11.305

6.477 11.305
6.443 10.984

9.607 12.722
9.084 13.003

9.084 13.003
8.707 12.701

8.707 12.701
8.441 13.147

7.892 8.34
7.572 7.829

10.863 12.807
11.257 13.268

11.257 13.268
11.881 13.307

11.881 13.307
11.884 13.148

11.881 13.307
11.987 13.696

11.884 13.148
12.297 13.029

6.477 11.305
5.901 11.669

12.297 13.029
12.803 12.522

12.803 12.522
13.199 12.85

13.199 12.85
13.454 13.09

12.803 12.522
13.166 12.128

13.166 12.128
13.354 11.93

13.354 11.93
13.474 11.768

13.474 11.768
13.971 12.12

13.093 10.015
13.768 10.324

13.768 10.324
14.054 9.919

8.832 7.196
8.677 6.451

8.677 6.451
8.048 6.216

8.048 6.216
7.889 6.512

7.889 6.512
7.543 6.625

7.543 6.625
7.076 6.315

10.278 6.495
11.056 6.573

11.056 6.573
11.129 6.528

11.129 6.528
11.587 6.515

8.441 13.147
8.627 13.928

12.94 9.96
13.003 9.103

13.003 9.103
13.34 8.565

13.34 8.565
12.931 8.031

12.931 8.031
12.98 7.745

10.473 13.048
10.068 13.941

10.068 13.941
10.385 14.579

10.278 6.495
10.573 5.493

10.573 5.493
10.376 4.937

10.376 4.937
9.753 4.512

12.98 7.745
14.116 7.312

6.434 8.633
5.338 7.955

13.075 -1.979
13.32 -3.298

13.32 -3.298
12.915 -4.155

-1.578 -8.745
-2.927 -8.815

-14.56 1.815
-15.185 3.054

-2.204 17.205
-2.911 18.415

13.971 12.12
14.957 11.109

5.338 7.955
4.081 7.235

4.081 7.235
4.578 6.555

4.578 6.555
3.711 6.045

3.711 6.045
3.116 6.755

-0.354 -13.7
0.679 -14.82

0.679 -14.82
1.03 -14.965

1.03 -14.965
0.944 -15.31

0.944 -15.31
1.293 -15.24

0.944 -15.31
0.513 -15.29

1.293 -15.24
2.212 -15.54

0.513 -15.29
-0.247 -16.165

-0.247 -16.165
0.117 -16.76

0.117 -16.76
0.151 -17.07

0.117 -16.76
0.609 -16.83

0.151 -17.07
0.639 -17.8

0.151 -17.07
-0.607 -17.96

-0.607 -17.96
-1.239 -17.07

-1.239 -17.07
-1.529 -16.99

-1.529 -16.99
-1.819 -17.88

-1.819 -17.88
-2.147 -18.425

-2.147 -18.425
-1.598 -18.815

-1.529 -16.99
-2.563 -16.74

-2.563 -16.74
-3.017 -15.33

-2.153 -12.79
-3.722 -12.74

-3.722 -12.74
-4.155 -13.225

-4.155 -13.225
-5.116 -12.182

-5.116 -12.182
-5.905 -12.976

-5.905 -12.976
-7.053 -12.959

-7.053 -12.959
-7.545 -12.965

-7.545 -12.965
-7.764 -12.996

-7.764 -12.996
-8.259 -13.598

-8.259 -13.598
-8.826 -12.953

-8.826 -12.953
-8.835 -12.564

-8.835 -12.564
-8.817 -12.327

-8.817 -12.327
-8.817 -12.242

-8.817 -12.242
-8.745 -12.276

-8.817 -12.242
-8.896 -12.28

-8.896 -12.28
-9.094 -12.245

-9.094 -12.245
-9.14 -12.171

-9.14 -12.171
-8.981 -12.001

-8.981 -12.001
-9.097 -11.734

-9.097 -11.734
-9.123 -11.488

-9.123 -11.488
-9.368 -11.338

-9.094 -12.245
-9.316 -12.452

-9.316 -12.452
-9.143 -12.708

-9.316 -12.452
-9.662 -12.438

-9.662 -12.438
-9.959 -12.502

-9.959 -12.502
-10.28 -12.44

-9.662 -12.438
-9.545 -12.126

-9.545 -12.126
-9.776 -12.099

-9.776 -12.099
-10.093 -12.158

-9.368 -11.338
-9.202 -11.011

-9.202 -11.011
-9.225 -10.65

-9.225 -10.65
-9.511 -10.681

-9.511 -10.681
-9.677 -10.526

-9.677 -10.526
-9.834 -10.703

-9.677 -10.526
-9.456 -10.441

-9.456 -10.441
-9.587 -10.28

-9.587 -10.28
-9.534 -10.138

-9.587 -10.28
-9.756 -10.142

-9.756 -10.142
-9.91 -10.159

-9.91 -10.159
-9.94 -9.994

-9.94 -9.994
-9.995 -9.941

-9.995 -9.941
-10.061 -9.868

-10.061 -9.868
-10.114 -9.711

-10.114 -9.711
-10.219 -9.711

-10.219 -9.711
-10.323 -9.757

-10.323 -9.757
-10.505 -9.852

-10.505 -9.852
-10.463 -9.984

-10.061 -9.868
-9.892 -9.728

-9.456 -10.441
-9.281 -10.299

-9.281 -10.299
-9.167 -10.312

-9.91 -10.159
-9.943 -10.385

-9.892 -9.728
-9.65 -9.774

-10.323 -9.757
-10.372 -9.51

-9.943 -10.385
-10.205 -10.455

-9.167 -10.312
-8.893 -10.447

-8.893 -10.447
-8.749 -10.318

-10.505 -9.852
-10.8 -9.737

-10.8 -9.737
-10.84 -9.729

-10.84 -9.729
-10.885 -9.838

-10.885 -9.838
-10.971 -10.063

-10.885 -9.838
-11.105 -9.706

-11.105 -9.706
-11.185 -9.522

-11.185 -9.522
-11.205 -9.374

-11.205 -9.374
-11.309 -9.42

-11.309 -9.42
-11.379 -9.289

-11.379 -9.289
-11.36 -9.088

-11.36 -9.088
-11.163 -9.164

-10.971 -10.063
-10.732 -10.175

-11.163 -9.164
-11.043 -8.867

-11.043 -8.867
-11.032 -8.669

-11.032 -8.669
-11.231 -8.518

-11.231 -8.518
-11.394 -8.665

-11.043 -8.867
-10.835 -9.007

-11.394 -8.665
-11.688 -8.568

-11.688 -8.568
-11.488 -8.335

-11.488 -8.335
-11.515 -8.21

-11.515 -8.21
-11.831 -8.153

-11.831 -8.153
-11.814 -8.005

-11.814 -8.005
-11.781 -7.918

-10.205 -10.455
-10.201 -10.78

-10.201 -10.78
-10.477 -10.927

-10.477 -10.927
-10.669 -11.077

-10.669 -11.077
-10.599 -11.172

-10.599 -11.172
-10.604 -11.213

-10.669 -11.077
-10.878 -11.041

-10.878 -11.041
-10.868 -10.876

-10.868 -10.876
-10.837 -10.813

-10.837 -10.813
-10.883 -10.715

-10.868 -10.876
-10.998 -10.855

-10.883 -10.715
-10.816 -10.521

-9.65 -9.774
-9.567 -9.457

-9.567 -9.457
-9.367 -9.481

-9.367 -9.481
-9.305 -9.517

-9.305 -9.517
-9.243 -9.516

-9.243 -9.516
-9.248 -9.693

-9.243 -9.516
-9.031 -9.454

-9.031 -9.454
-9.127 -9.206

-9.127 -9.206
-9.041 -9.006

-8.893 -10.447
-8.767 -10.768

-11.032 -8.669
-10.682 -8.618

-8.749 -10.318
-8.45 -10.52

-8.45 -10.52
-8.252 -10.552

-8.252 -10.552
-8.25 -10.771

-8.25 -10.771
-8.18 -10.829

-8.18 -10.829
-8.031 -10.934

-8.031 -10.934
-7.896 -11.02

-8.031 -10.934
-7.937 -10.761

-8.18 -10.829
-8.371 -11.09

-9.127 -9.206
-9.453 -9.045

-9.453 -9.045
-9.516 -8.934

-9.516 -8.934
-9.48 -8.825

-9.516 -8.934
-9.772 -9.066

-10.998 -10.855
-11.293 -10.642

-11.293 -10.642
-11.399 -10.393

-11.399 -10.393
-11.536 -10.518

-11.536 -10.518
-11.697 -10.473

-11.697 -10.473
-11.723 -10.531

-11.723 -10.531
-11.695 -10.614

-11.723 -10.531
-11.892 -10.555

-11.892 -10.555
-11.899 -10.651

-11.892 -10.555
-11.853 -10.378

-11.899 -10.651
-12.092 -10.743

-12.092 -10.743
-12.149 -10.754

-12.149 -10.754
-12.228 -10.908

-11.853 -10.378
-12.079 -10.308

-11.399 -10.393
-11.353 -10.034

-9.772 -9.066
-10.063 -9.286

-10.063 -9.286
-10.154 -9.088

-10.154 -9.088
-10.308 -8.898

-11.853 -10.378
-11.758 -10.025

-11.758 -10.025
-11.841 -9.984

-11.841 -9.984
-11.706 -9.714

-11.706 -9.714
-11.698 -9.56

-11.231 -8.518
-10.927 -8.303

-10.28 -12.44
-10.44 -12.778

-10.44 -12.778
-10.276 -12.961

-10.276 -12.961
-10.148 -13.07

-10.148 -13.07
-9.954 -12.992

-10.148 -13.07
-10.352 -13.185

-9.772 -9.066
-9.907 -8.715

-8.981 -12.001
-8.605 -11.917

-8.605 -11.917
-8.314 -12.144

-11.379 -9.289
-11.742 -9.155

-11.742 -9.155
-12.078 -9.132

-10.927 -8.303
-10.705 -7.98

-12.078 -9.132
-12.334 -9.436

-12.334 -9.436
-12.345 -9.711

-12.345 -9.711
-12.232 -9.71

-12.232 -9.71
-12.199 -9.682

-9.031 -9.454
-8.721 -9.705

-8.721 -9.705
-8.501 -9.595

-8.501 -9.595
-8.29 -9.837

-8.29 -9.837
-8.181 -9.675

-9.907 -8.715
-9.869 -8.313

-9.869 -8.313
-9.959 -8.13

-9.959 -8.13
-10.281 -8.366

-7.896 -11.02
-7.925 -11.436

-7.925 -11.436
-7.632 -11.374

-12.345 -9.711
-12.471 -10.11

-8.252 -10.552
-7.918 -10.276

-9.776 -12.099
-9.778 -11.655

-9.778 -11.655
-10.139 -11.627

-9.959 -8.13
-9.977 -7.685

-9.977 -7.685
-9.929 -7.535

-9.929 -7.535
-10.137 -7.495

-10.705 -7.98
-11.156 -7.877

-11.156 -7.877
-11.217 -7.747

-11.217 -7.747
-11.215 -7.709

-11.215 -7.709
-11.054 -7.43

-10.28 -12.44
-10.715 -12.228

-10.715 -12.228
-10.829 -12.246

-10.829 -12.246
-10.982 -11.978

-10.982 -11.978
-11.262 -12.036

-11.262 -12.036
-11.352 -11.77

-11.352 -11.77
-11.353 -11.625

-10.982 -11.978
-10.858 -11.674

-10.858 -11.674
-10.681 -11.725

-11.262 -12.036
-11.615 -12.268

-11.615 -12.268
-11.686 -12.353

-11.686 -12.353
-11.795 -12.393

-11.795 -12.393
-11.784 -12.865

-8.314 -12.144
-7.846 -11.952

-7.846 -11.952
-7.622 -11.893

-10.137 -7.495
-10.054 -6.994

-10.054 -6.994
-9.654 -6.998

-9.654 -6.998
-9.305 -7.138

-9.305 -7.138
-9.302 -7.383

-9.302 -7.383
-8.806 -7.315

-8.806 -7.315
-8.693 -7.433

-8.693 -7.433
-8.791 -7.864

-8.791 -7.864
-9.005 -7.947

-9.005 -7.947
-9.017 -8.206

-8.181 -9.675
-7.846 -9.261

-7.846 -9.261
-7.767 -9.231

-7.846 -9.261
-7.911 -9.134

-7.911 -9.134
-7.999 -8.913

-12.334 -9.436
-12.613 -8.972

-10.352 -13.185
-10.894 -13.336

-12.345 -9.711
-12.911 -9.68

-12.911 -9.68
-12.911 -9.579

-12.911 -9.68
-13.219 -9.987

-13.219 -9.987
-13.408 -9.979

-13.408 -9.979
-13.768 -10.07

-13.768 -10.07
-14.253 -10.143

-14.253 -10.143
-14.391 -9.906

-14.391 -9.906
-14.119 -9.512

-14.119 -9.512
-14.135 -9.195

-11.795 -12.393
-12.359 -12.202

-12.359 -12.202
-12.41 -12.247

-12.41 -12.247
-12.643 -12.017

-12.41 -12.247
-12.722 -12.512

-12.722 -12.512
-13.157 -12.457

-7.999 -8.913
-8.28 -8.378

-8.28 -8.378
-8.272 -8.18

-12.643 -12.017
-13.19 -11.73

-8.272 -8.18
-7.66 -8.07

-7.66 -8.07
-7.305 -8.249

-7.305 -8.249
-7.072 -7.979

-7.66 -8.07
-7.455 -7.724

-7.305 -8.249
-6.89 -8.678

-6.89 -8.678
-6.962 -8.786

-12.228 -10.908
-12.855 -11.069

-12.855 -11.069
-12.968 -10.669

-11.054 -7.43
-11.618 -7.047

-10.894 -13.336
-10.569 -13.95

-10.569 -13.95
-10.307 -14.167

-10.307 -14.167
-9.971 -13.865

-7.632 -11.374
-6.992 -11.074

-6.992 -11.074
-7.153 -10.748

-7.153 -10.748
-6.847 -10.169

-12.613 -8.972
-13.311 -8.829

-13.311 -8.829
-13.446 -8.157

-13.446 -8.157
-12.843 -7.777

-12.843 -7.777
-12.64 -7.581

-6.847 -10.169
-6.178 -9.906

-14.391 -9.906
-15.074 -9.624

-6.89 -8.678
-6.181 -8.433

-6.181 -8.433
-5.818 -8.633

-8.693 -7.433
-8.089 -6.892

-8.089 -6.892
-8.412 -6.359

-8.089 -6.892
-7.37 -6.861

-8.412 -6.359
-9.045 -5.881

-10.054 -6.994
-10.43 -6.247

-10.43 -6.247
-10.725 -5.916

-5.818 -8.633
-5.072 -9.067

-10.725 -5.916
-9.985 -5.375

-10.725 -5.916
-11.618 -5.665

-11.618 -5.665
-11.226 -4.936

-6.992 -11.074
-5.868 -11.179

-13.157 -12.457
-14.467 -12.761

-6.181 -8.433
-5.889 -7.063

-2.602 9.545
-4.003 10.275

16.2 0.289
17.295 1.432

2.212 -15.54
3.505 -14.615

1.499 17.05
3.04 17.495

3.286 -11.875
4.358 -13.08

-15.32 -0.432
-16.64 0.5

-16.64 0.5
-16.945 1.095

-16.945 1.095
-17.735 0.433

-17.735 0.433
-18.055 -0.062

-18.055 -0.062
-17.405 -0.683

-17.405 -0.683
-17.035 -0.873

-1.598 -18.815
-1.134 -20.385

-1.134 -20.385
0.471 -20.195

-8.72 -2.163
-9.92 -3.347

-9.92 -3.347
-9.97 -3.437

17.295 1.432
18.565 0.308

18.565 0.308
19.255 -0.359

19.255 -0.359
18.455 -0.927

19.255 -0.359
20.335 -1.343

20.335 -1.343
21.185 -0.767

21.185 -0.767
22.09 -1.343

22.09 -1.343
23.32 -1.028

20.335 -1.343
19.39 -2.637

19.39 -2.637
19.02 -2.692

-10.307 -14.167
-10.38 -15.892

3.04 17.495
2.32 19.405

-1.134 -20.385
-3.159 -20.655

-18.055 -0.062
-19.81 1.055

-19.81 1.055
-21.06 0.61

-21.06 0.61
-22.41 -0.164

-22.41 -0.164
-22.045 -1.256

-1.455 19.32
-2.034 21.385

-2.034 21.385
-0.497 21.59

-0.497 21.59
0.042 21.74

-22.045 -1.256
-20.75 -2.986

-20.75 -2.986
-19.25 -3.449

0.042 21.74
0.083 24.59

15.715 -1.881
15.86 -4.78

-1.134 -20.385
-0.851 -23.445

-0.851 -23.445
0.384 -23.535

0.384 -23.535
0.193 -25.195

0.471 -20.195
4.285 -20.08

0.193 -25.195
1.694 -30.76

1.694 -30.76
5.74141 -26.9581

5.74141 -26.9581
7.09738 -27.1752

7.09738 -27.1752
8.90137 -25.9677

8.90137 -25.9677
9.14614 -25.5874

9.14614 -25.5874
9.50763 -25.253

9.50763 -25.253
9.6983 -25.006

9.6983 -25.006
9.48182 -24.9062

9.48182 -24.9062
9.36595 -24.8689

9.14614 -25.5874
8.6304 -25.1595

9.6983 -25.006
10.3805 -24.5678

10.3805 -24.5678
10.8216 -24.3405

10.8216 -24.3405
11.2336 -24.1496

10.8216 -24.3405
10.5313 -23.9912

10.3805 -24.5678
10.5959 -25.0191

11.2336 -24.1496
11.6208 -23.8188

10.5959 -25.0191
11.0699 -25.2506

11.0699 -25.2506
11.1493 -24.9394

11.1493 -24.9394
11.2851 -24.9403

11.0699 -25.2506
11.3576 -25.4505

11.3576 -25.4505
11.6713 -25.696

10.5313 -23.9912
10.7925 -23.5238

10.7925 -23.5238
10.6426 -23.3307

10.7925 -23.5238
11.2536 -23.2811

11.2536 -23.2811
11.3252 -23.1601

11.3252 -23.1601
11.0237 -22.8534

11.0237 -22.8534
11.2729 -22.7147

11.3252 -23.1601
11.9691 -23.0112

11.9691 -23.0112
11.9866 -23.2488

11.6713 -25.696
12.0527 -25.0998

12.0527 -25.0998
12.4457 -25.1311

12.4457 -25.1311
13.0684 -25.4669

13.0684 -25.4669
13.8087 -25.5624

13.8087 -25.5624
14.3741 -25.4489

14.3741 -25.4489
14.7807 -25.8451

11.6208 -23.8188
12.2929 -24.1829

12.2929 -24.1829
12.9112 -24.3412

12.9112 -24.3412
13.0924 -23.9772

13.0924 -23.9772
13.1916 -23.7855

13.1916 -23.7855
13.5024 -23.6193

13.5024 -23.6193
13.6068 -23.3777

13.6068 -23.3777
13.6348 -23.1344

13.6068 -23.3777
13.3087 -23.326

13.5024 -23.6193
13.7719 -23.7761

13.7719 -23.7761
13.8443 -23.8144

13.8443 -23.8144
13.9926 -23.7963

13.9926 -23.7963
14.17 -23.4089

14.17 -23.4089
14.2723 -22.9738

13.3087 -23.326
13.0715 -22.9263

13.9926 -23.7963
14.2143 -24.3508

14.2143 -24.3508
14.4279 -24.2696

14.2143 -24.3508
13.8862 -24.5902

14.2723 -22.9738
14.8071 -22.6267

14.8071 -22.6267
15.1866 -22.6039

15.1866 -22.6039
15.2557 -22.639

15.2557 -22.639
15.2414 -22.8553

15.2414 -22.8553
15.2645 -22.9242

15.2414 -22.8553
15.1622 -22.8495

15.2414 -22.8553
15.457 -22.7747

15.457 -22.7747
15.7601 -22.7987

15.7601 -22.7987
16.0464 -22.8727

16.0464 -22.8727
16.1178 -22.6073

16.1178 -22.6073
16.2963 -22.5341

15.1866 -22.6039
15.1544 -22.2506

16.2963 -22.5341
16.6334 -22.3916

16.6334 -22.3916
16.7568 -22.4915

16.7568 -22.4915
16.7399 -22.6174

16.7399 -22.6174
16.7242 -22.7564

16.7242 -22.7564
16.701 -22.8917

16.6334 -22.3916
16.6057 -22.2316

16.6334 -22.3916
16.7832 -22.3003

16.701 -22.8917
16.5256 -22.9954

16.6057 -22.2316
16.4579 -22.0497

16.6057 -22.2316
16.7359 -21.9935

16.7359 -21.9935
16.8445 -21.7313

16.8445 -21.7313
16.9714 -21.8175

16.4579 -22.0497
16.5203 -21.7465

16.5203 -21.7465
16.5282 -21.7439

16.5203 -21.7465
16.3755 -21.5846

16.3755 -21.5846
16.5468 -21.4048

16.3755 -21.5846
16.2657 -21.3504

16.2657 -21.3504
16.1619 -21.392

16.3755 -21.5846
16.0813 -21.7491

16.0813 -21.7491
16.0561 -21.9965

16.0561 -21.9965
16.1065 -22.1242

16.8445 -21.7313
16.9282 -21.3668

16.9282 -21.3668
17.1187 -21.2114

17.1187 -21.2114
17.0388 -21.1052

17.1187 -21.2114
17.2841 -21.3623

17.2841 -21.3623
17.3026 -21.5708

17.2841 -21.3623
17.5553 -21.2416

17.5553 -21.2416
17.5173 -21.1382

17.5553 -21.2416
17.6501 -21.1622

17.5173 -21.1382
17.5853 -21.0096

17.5853 -21.0096
17.5133 -20.9598

17.5133 -20.9598
17.5923 -20.7139

17.5923 -20.7139
17.4608 -20.4238

17.4608 -20.4238
17.5346 -20.2224

17.5346 -20.2224
17.3298 -20.1434

17.3298 -20.1434
17.2101 -20.2386

17.2101 -20.2386
17.1685 -20.2403

17.1685 -20.2403
17.1314 -20.0275

17.1314 -20.0275
17.0009 -19.8905

17.0009 -19.8905
16.9841 -19.6942

16.9841 -19.6942
16.9899 -19.5034

16.9899 -19.5034
17.0078 -19.4663

17.1685 -20.2403
16.9671 -20.4752

17.6501 -21.1622
17.9628 -21.3189

17.9628 -21.3189
18.1055 -21.1694

18.1055 -21.1694
18.2045 -21.0587

18.2045 -21.0587
18.3205 -21.176

18.2045 -21.0587
18.1646 -20.8577

18.1646 -20.8577
18.0172 -20.9435

18.1646 -20.8577
18.354 -20.8767

18.354 -20.8767
18.5302 -20.8786

18.5302 -20.8786
18.6281 -20.9476

18.6281 -20.9476
18.5818 -21.0035

18.6281 -20.9476
18.7551 -20.9855

18.5302 -20.8786
18.521 -20.7448

18.7551 -20.9855
18.9117 -21.0766

18.9117 -21.0766
18.9599 -21.0003

18.521 -20.7448
18.4563 -20.5543

18.4563 -20.5543
18.4844 -20.4986

18.4844 -20.4986
18.6421 -20.5227

18.6421 -20.5227
18.8065 -20.4774

18.8065 -20.4774
18.9233 -20.4212

18.4563 -20.5543
18.2834 -20.5125

18.2834 -20.5125
18.2666 -20.4984

18.9233 -20.4212
19.1222 -20.3265

18.8065 -20.4774
18.6809 -20.2915

18.1646 -20.8577
17.9769 -20.6791

18.6809 -20.2915
18.6235 -20.0086

18.9117 -21.0766
19.0134 -21.3513

18.5818 -21.0035
18.5993 -21.3002

18.5993 -21.3002
18.5752 -21.4806

18.9599 -21.0003
19.2584 -20.9542

19.2584 -20.9542
19.3822 -21.2143

19.3822 -21.2143
19.4495 -21.3825

19.4495 -21.3825
19.4479 -21.4293

19.4479 -21.4293
19.3939 -21.5248

19.3939 -21.5248
19.4357 -21.6622

19.4495 -21.3825
19.6032 -21.3304

19.4357 -21.6622
19.601 -21.8026

19.4357 -21.6622
19.2095 -21.875

19.1222 -20.3265
19.1584 -20.0154

19.1584 -20.0154
19.2969 -20.0098

19.0134 -21.3513
18.9184 -21.6835

19.2969 -20.0098
19.4538 -19.6818

19.4538 -19.6818
19.668 -19.5186

19.668 -19.5186
19.9505 -19.6019

19.668 -19.5186
19.5757 -19.2376

19.5757 -19.2376
19.3135 -19.3266

19.3135 -19.3266
19.1672 -19.4096

19.5757 -19.2376
19.9014 -19.2187

19.1672 -19.4096
18.8255 -19.3536

18.8255 -19.3536
18.7997 -19.1247

19.9014 -19.2187
20.0918 -18.9241

20.0918 -18.9241
20.2179 -18.8996

20.2179 -18.8996
20.507 -18.8008

20.507 -18.8008
20.7256 -18.8634

20.507 -18.8008
20.503 -19.0733

20.503 -19.0733
20.5211 -19.1647

20.7256 -18.8634
21.0609 -18.854

21.0609 -18.854
21.0969 -18.8441

21.0969 -18.8441
21.1174 -18.7848

21.1174 -18.7848
21.2318 -18.5518

21.2318 -18.5518
21.3106 -18.4512

21.3106 -18.4512
21.3454 -18.444

21.1174 -18.7848
21.3621 -18.8984

21.3621 -18.8984
21.5399 -19.1863

21.5399 -19.1863
21.4913 -19.3657

21.4913 -19.3657
21.2209 -19.4256

21.2209 -19.4256
21.0462 -19.3557

21.0462 -19.3557
20.992 -19.1888

21.0462 -19.3557
20.8497 -19.5576

20.8497 -19.5576
20.9129 -19.7676

20.9129 -19.7676
21.0593 -19.6898

20.8497 -19.5576
20.6255 -19.5941

20.6255 -19.5941
20.6038 -19.5004

20.6255 -19.5941
20.677 -19.7191

20.6255 -19.5941
20.4431 -19.6122

20.4431 -19.6122
20.4802 -19.8197

20.4802 -19.8197
20.4355 -19.9467

20.4355 -19.9467
20.637 -20.0015

20.637 -20.0015
20.6958 -20.1952

20.6958 -20.1952
20.8291 -20.3469

20.4802 -19.8197
20.2783 -19.7659

20.4355 -19.9467
20.4319 -20.1593

20.4319 -20.1593
20.2161 -20.1545

20.4319 -20.1593
20.4778 -20.3835

20.6958 -20.1952
20.9536 -20.09

20.2161 -20.1545
20.0028 -20.3475

20.0028 -20.3475
20.0702 -20.4083

20.0702 -20.4083
20.0962 -20.4487

20.0962 -20.4487
20.0861 -20.5907

20.0861 -20.5907
19.9675 -20.7747

20.0861 -20.5907
20.403 -20.7214

21.3454 -18.444
21.6938 -18.3822

21.6938 -18.3822
21.7239 -18.3219

21.6938 -18.3822
21.7835 -18.6423

21.7835 -18.6423
21.9705 -18.6563

21.9705 -18.6563
22.0798 -18.8219

22.0798 -18.8219
22.0284 -19.0078

22.0284 -19.0078
21.9999 -19.1234

21.9999 -19.1234
21.9019 -19.0923

22.0284 -19.0078
22.1705 -19.0044

22.1705 -19.0044
22.271 -19.1586

22.271 -19.1586
22.3975 -19.2942

22.3975 -19.2942
22.4742 -19.1771

22.4742 -19.1771
22.5245 -19.1172

22.5245 -19.1172
22.45 -18.9982

21.9999 -19.1234
22.0009 -19.3197

22.3975 -19.2942
22.5551 -19.4152

22.5551 -19.4152
22.3504 -19.5289

22.45 -18.9982
22.6115 -18.8202

22.6115 -18.8202
22.5836 -18.795

22.5836 -18.795
22.5727 -18.6006

22.5727 -18.6006
22.5979 -18.3585

22.5979 -18.3585
22.6144 -18.2282

21.7239 -18.3219
22.051 -18.2834

22.051 -18.2834
22.129 -18.1687

22.5551 -19.4152
22.8022 -19.6413

22.8022 -19.6413
22.9421 -19.337

22.9421 -19.337
23.2019 -19.5116

23.2019 -19.5116
23.2048 -19.5263

23.2048 -19.5263
23.2523 -19.7573

22.9421 -19.337
23.0138 -19.0064

20.403 -20.7214
20.729 -20.8627

20.729 -20.8627
20.7424 -20.9547

20.7424 -20.9547
20.9852 -20.9223

20.9852 -20.9223
20.974 -20.8416

20.9852 -20.9223
21.0157 -21.0274

21.0157 -21.0274
20.9678 -21.146

19.9675 -20.7747
19.6254 -20.6607

19.6254 -20.6607
19.453 -20.5316

19.453 -20.5316
19.4101 -20.558

18.8255 -19.3536
18.5241 -19.562

22.3504 -19.5289
22.4353 -19.8864

22.4353 -19.8864
22.5151 -20.2021

18.2666 -20.4984
18.0527 -20.194

16.0813 -21.7491
15.7038 -21.7831

15.7038 -21.7831
15.5363 -21.9432

15.5363 -21.9432
15.546 -22.194

15.5363 -21.9432
15.2931 -21.8796

15.546 -22.194
15.7854 -22.4007

15.7038 -21.7831
15.4414 -21.5771

15.4414 -21.5771
15.6179 -21.3368

15.6179 -21.3368
15.4715 -21.1249

15.4715 -21.1249
15.1678 -21.2367

23.2048 -19.5263
23.5859 -19.5588

23.5859 -19.5588
23.6989 -19.6456

23.5859 -19.5588
23.7255 -19.2607

23.7255 -19.2607
23.835 -19.1252

23.835 -19.1252
23.8864 -18.7782

23.8864 -18.7782
24.0364 -18.649

24.0364 -18.649
24.3183 -18.8301

23.8864 -18.7782
23.5556 -18.6911

23.5556 -18.6911
23.4552 -18.5422

23.4552 -18.5422
23.3305 -18.4935

23.3305 -18.4935
23.0008 -18.3342

23.0008 -18.3342
23.1572 -18.0608

20.0918 -18.9241
19.7106 -18.8758

18.7997 -19.1247
18.4161 -19.1841

18.4161 -19.1841
18.2122 -19.119

18.2122 -19.119
18.0962 -19.1892

18.0962 -19.1892
18.0626 -19.3547

18.0626 -19.3547
17.8601 -19.4418

18.0962 -19.1892
17.8314 -19.0856

17.8601 -19.4418
17.9871 -19.7694

16.7568 -22.4915
17.1453 -22.5065

17.1453 -22.5065
17.3573 -22.3594

17.1453 -22.5065
17.1456 -22.8921

21.4913 -19.3657
21.5895 -19.7614

21.5895 -19.7614
21.5049 -19.7843

21.5049 -19.7843
21.4869 -20.1489

21.4869 -20.1489
21.4998 -20.2312

21.4869 -20.1489
21.3694 -20.1638

21.4998 -20.2312
21.7193 -20.2542

21.5895 -19.7614
21.9601 -19.7651

16.9671 -20.4752
16.656 -20.2074

16.656 -20.2074
16.6075 -20.1288

16.5468 -21.4048
16.5807 -20.9918

16.5807 -20.9918
16.5547 -20.8387

16.5547 -20.8387
16.5793 -20.7965

15.2645 -22.9242
14.9983 -23.2478

24.0364 -18.649
24.3447 -18.3598

24.3447 -18.3598
24.2612 -18.1924

24.2612 -18.1924
24.3488 -18.0388

24.2612 -18.1924
23.9153 -18.0981

23.9153 -18.0981
23.6908 -18.1567

23.6908 -18.1567
23.6583 -18.0403

24.3447 -18.3598
24.7444 -18.3375

24.7444 -18.3375
24.8085 -18.7174

24.8085 -18.7174
24.983 -18.9273

23.6583 -18.0403
23.5414 -17.6351

23.5414 -17.6351
23.6573 -17.3932

23.6573 -17.3932
23.8374 -17.2732

23.8374 -17.2732
23.9082 -17.0897

23.8374 -17.2732
24.0758 -17.3373

24.0758 -17.3373
24.2464 -17.4384

24.2464 -17.4384
24.1722 -17.5923

24.2464 -17.4384
24.5606 -17.5968

24.5606 -17.5968
24.7681 -17.4228

24.7681 -17.4228
24.8407 -17.4443

24.7681 -17.4228
24.6797 -17.1379

24.6797 -17.1379
24.5464 -17.099

24.6797 -17.1379
24.9633 -17.0899

24.8407 -17.4443
24.9792 -17.7125

24.9792 -17.7125
25.1541 -17.4865

24.6797 -17.1379
24.7525 -16.794

24.5464 -17.099
24.3124 -16.8099

25.1541 -17.4865
25.4006 -17.1826

25.4006 -17.1826
25.4047 -16.9154

25.4047 -16.9154
25.7189 -16.7893

25.7189 -16.7893
25.876 -16.8901

25.876 -16.8901
26.1303 -16.7879

26.1303 -16.7879
26.1548 -17.009

26.1303 -16.7879
26.3978 -16.7671

26.1303 -16.7879
26.0082 -16.54

25.4047 -16.9154
25.3888 -16.5719

25.3888 -16.5719
25.3986 -16.5057

25.3986 -16.5057
25.22 -16.3861

25.4006 -17.1826
25.6099 -17.4981

25.6099 -17.4981
25.5702 -17.6404

25.6099 -17.4981
25.8074 -17.3208

25.8074 -17.3208
25.953 -17.465

25.5702 -17.6404
25.8184 -17.8153

25.8184 -17.8153
25.9968 -17.839

25.9968 -17.839
26.3283 -18.0907

26.3283 -18.0907
26.1549 -18.372

26.1549 -18.372
25.9719 -18.3488

26.1549 -18.372
26.0554 -18.6342

25.9719 -18.3488
25.6142 -18.3306

25.6142 -18.3306
25.4068 -18.4455

25.4068 -18.4455
25.2545 -18.3601

25.2545 -18.3601
25.3742 -18.2649

25.6142 -18.3306
25.6977 -18.6538

25.6977 -18.6538
25.4219 -18.9626

20.974 -20.8416
21.4022 -20.7679

21.4022 -20.7679
21.8343 -20.7819

21.8343 -20.7819
21.9552 -21.199

21.9552 -21.199
21.612 -21.1573

26.3978 -16.7671
26.6907 -17.0993

26.6907 -17.0993
26.7185 -17.1572

26.7185 -17.1572
26.8217 -17.1491

26.8217 -17.1491
26.8242 -17.111

26.8217 -17.1491
26.7884 -17.2494

17.1456 -22.8921
17.5796 -22.7835

17.5796 -22.7835
17.5975 -22.8001

17.5975 -22.8001
17.8645 -22.7107

17.5975 -22.8001
17.5459 -23.1155

14.9983 -23.2478
15.2224 -23.6409

15.2224 -23.6409
15.1552 -23.7677

15.2224 -23.6409
15.4709 -23.5578

15.1552 -23.7677
14.8063 -23.7503

17.9628 -21.3189
18.1483 -21.7443

18.1483 -21.7443
18.1051 -21.7875

18.1051 -21.7875
17.9922 -22.1726

17.9922 -22.1726
17.842 -22.1522

17.842 -22.1522
17.7412 -22.0094

26.8242 -17.111
27.2419 -16.8747

27.2419 -16.8747
27.1575 -16.7575

27.2419 -16.8747
27.5163 -16.8804

27.5163 -16.8804
27.5637 -16.6985

27.5637 -16.6985
27.4208 -16.591

27.4208 -16.591
27.745 -16.3072

27.745 -16.3072
27.5619 -15.8869

27.5619 -15.8869
27.631 -15.6912

27.631 -15.6912
27.8703 -15.6566

27.5619 -15.8869
27.3484 -16.0376

27.8703 -15.6566
28.0641 -15.912

27.3484 -16.0376
26.9694 -16.2523

26.9694 -16.2523
26.7786 -15.979

28.0641 -15.912
28.2303 -16.3456

17.9922 -22.1726
18.4705 -22.1202

19.9675 -20.7747
20.1039 -21.2518

20.1039 -21.2518
20.2225 -21.3953

20.2225 -21.3953
20.3157 -21.2553

23.6989 -19.6456
24.183 -19.5151

24.183 -19.5151
24.3159 -19.4423

24.3159 -19.4423
24.3231 -19.3394

22.129 -18.1687
22.2249 -17.6736

22.2249 -17.6736
22.0717 -17.6279

22.2249 -17.6736
22.7016 -17.6195

28.0641 -15.912
28.5562 -15.7948

28.5562 -15.7948
29.0435 -15.8981

29.0435 -15.8981
29.3876 -16.1793

22.0717 -17.6279
21.7294 -17.2515

20.507 -18.8008
20.4649 -18.2672

20.4649 -18.2672
20.4454 -18.0931

20.4454 -18.0931
20.2681 -17.9275

20.4454 -18.0931
20.6829 -18.0305

20.6829 -18.0305
20.8383 -18.0011

20.2681 -17.9275
19.9333 -18.0108

19.9333 -18.0108
19.5149 -18.0289

19.5149 -18.0289
19.0946 -18.2074

19.0946 -18.2074
18.9782 -18.1552

18.9782 -18.1552
18.9122 -18.3435

18.9782 -18.1552
18.7504 -17.685

25.4219 -18.9626
25.425 -19.5134

15.1544 -22.2506
14.6301 -22.0737

20.2225 -21.3953
20.5192 -21.8742

20.5192 -21.8742
20.809 -21.7093

20.809 -21.7093
20.8354 -22.0174

21.7294 -17.2515
21.4614 -16.7528

21.612 -21.1573
21.4401 -21.6982

25.22 -16.3861
25.6009 -15.9361

25.6009 -15.9361
25.8175 -15.9391

25.8175 -15.9391
25.964 -15.7266

25.964 -15.7266
26.023 -15.716

21.7294 -17.2515
22.0569 -16.756

22.0569 -16.756
22.5353 -16.8911

16.5256 -22.9954
16.183 -23.4889

25.425 -19.5134
25.237 -20.0868

25.237 -20.0868
25.62 -20.2222

25.62 -20.2222
25.5565 -20.6409

28.2303 -16.3456
28.8115 -16.5166

28.8115 -16.5166
28.9255 -16.8534

28.9255 -16.8534
29.2767 -16.7904

20.8383 -18.0011
21.4028 -17.7715

21.4028 -17.7715
21.1007 -17.375

21.1007 -17.375
21.0055 -17.3427

15.1552 -23.7677
15.0749 -24.3871

15.0749 -24.3871
15.6105 -24.2635

15.6105 -24.2635
15.8576 -24.8383

15.8576 -24.8383
16.0532 -25.1164

27.5163 -16.8804
28.1475 -17.019

21.9552 -21.199
22.5735 -21.4006

22.5735 -21.4006
22.9158 -21.2135

22.9158 -21.2135
23.2409 -21.3839

13.0715 -22.9263
12.8671 -22.2986

12.8671 -22.2986
12.8921 -22.245

12.8671 -22.2986
12.378 -22.103

12.378 -22.103
12.0045 -22.1437

12.378 -22.103
12.7241 -21.7192

12.7241 -21.7192
13.2844 -21.741

12.7241 -21.7192
12.1752 -21.359

19.2095 -21.875
19.4327 -22.5333

19.4327 -22.5333
19.2797 -22.5677

19.2797 -22.5677
18.7178 -22.8825

18.7178 -22.8825
18.6975 -22.9304

18.6975 -22.9304
18.9399 -23.5056

22.5353 -16.8911
23.1217 -16.5077

15.1678 -21.2367
14.7056 -20.7037

14.7056 -20.7037
14.3792 -20.853

14.3792 -20.853
14.0754 -20.4444

14.7056 -20.7037
14.9053 -20.1132

14.9053 -20.1132
15.0116 -19.749

15.0116 -19.749
15.6141 -19.6123

15.6141 -19.6123
15.6605 -20.2969

25.22 -16.3861
24.7416 -15.8644

24.183 -19.5151
24.4073 -20.219

24.4073 -20.219
24.4482 -20.2835

24.4073 -20.219
23.9713 -20.5365

23.9713 -20.5365
23.4878 -20.4724

13.2844 -21.741
13.5257 -21.0255

24.4482 -20.2835
24.784 -20.9652

27.8703 -15.6566
27.6752 -14.8889

27.6752 -14.8889
26.9496 -15.1238

17.8314 -19.0856
18.0041 -18.3121

19.9333 -18.0108
19.737 -17.2406

19.737 -17.2406
19.6009 -17.1332

19.737 -17.2406
20.2329 -16.9908

20.2329 -16.9908
20.0642 -16.5259

29.0435 -15.8981
29.2309 -15.1222

29.2309 -15.1222
29.6865 -15.3328

29.2309 -15.1222
28.6282 -14.9429

29.2309 -15.1222
29.3958 -14.4905

29.3958 -14.4905
29.7604 -14.5405

16.0532 -25.1164
16.7902 -24.6452

16.7902 -24.6452
16.8865 -24.2082

16.7902 -24.6452
17.3127 -24.6331

17.3127 -24.6331
17.2842 -24.9152

23.1217 -16.5077
22.6956 -15.7015

24.7416 -15.8644
25.1477 -15.0059

25.1477 -15.0059
25.2975 -14.8609

17.0078 -19.4663
16.5194 -18.6358

22.6956 -15.7015
23.5568 -15.2641

23.5568 -15.2641
23.7854 -15.5176

23.2409 -21.3839
24.0283 -21.9905

26.7884 -17.2494
27.4363 -18.0035

27.4363 -18.0035
27.8586 -18.3249

27.8586 -18.3249
28.2186 -18.6704

28.2186 -18.6704
28.2213 -19.3939

29.7604 -14.5405
29.8999 -13.3682

29.7604 -14.5405
30.9461 -14.4734

30.9461 -14.4734
31.0356 -15.6466

31.0356 -15.6466
31.2449 -15.9621

11.0237 -22.8534
10.1562 -21.9531

22.5735 -21.4006
22.5214 -22.6616

29.2767 -16.7904
29.4269 -18.0454

30.9461 -14.4734
32.262 -14.5548

32.262 -14.5548
32.3539 -14.2247

32.3539 -14.2247
32.5946 -14.1221

32.5946 -14.1221
33.1899 -13.8629

33.1899 -13.8629
33.8015 -14.4129

33.8015 -14.4129
34.6143 -13.9021

32.3539 -14.2247
31.7349 -13.3056

11.3576 -25.4505
10.4589 -26.8084

31.7349 -13.3056
32.3232 -11.5115

14.0754 -20.4444
12.3418 -19.1025

1.694 -30.76
1.537 -36.325

23.32 -1.028
28.685 2.221

0.083 24.59
0.957 32.255

-22.41 -0.164
-33.075 2.06

