-2.041 1.225
0.026 -3.734
1.454 3.09
-1.261 3.293
-0.895 3.746
0.63 -0.146
-1.279 0.041
2.228 -2.724
-1.5 0.353
2.525 -1.03
-1.024 -2.775
-0.461 -1.944
0.081 -2.202
-0.444 0.268
-1.324 1.075
-0.078 0.595
-0.176 0.137
-1.658 -0.767
-2.227 2.05
2.411 -1.569
3.155 0.125
0.083 -3.679
-0.763 3.28
-1.16 1.355
-1.77 -1.215
-0.108 -1.006
-0.262 -0.987
0.526 -0.214
-0.898 0.399
0.012 0.175
-2.356 0.219
-1.472 -0.256
0.943 -0.381
-2.366 2.614
2.06 2.531
0.617 -0.475
1.328 1.997
-0.306 -3.802
0.237 2.562
2.714 -1.675
2.842 -1.888
-1.39 -2.065
1.237 -0.413
-0.13 1.721
2.183 0.122
0.721 3.305
-2.482 -1.5
-1.852 0.893
0.083 2.081
-1.764 -1.77
-0.761 3.62
-1.69 2.988
-0.545 1.205
-1.065 1.986
0.315 1.708
2.344 -0.218
-0.045 -3.669
0.468 -4.045
2.136 -2.827
-1.453 2.3
1.661 2.616
0.506 0.509
1.481 0.528
-1.904 0.204
1.076 -2.438
-0.288 -2.477
-2.975 -2.008
1.353 3.232
-0.48 -1.418
-1.548 0.566
1.48 -0.446
-0.195 -1.744
2.092 -2.097
-1.525 0.189
-1.368 2.095
0.014 -2.508
2.069 -2.247
-1.175 -0.367
-0.583 -0.569
-2.701 -1.093
-0.981 0.072
0.032 1.536
2.34 -0.278
0.719 1.174
-2.691 -0.801
-2.39 -1.229
0.542 -3.504
1.83 -2.243
-3.091 -1.674
1.864 -2.367
2.22 -1.11
-0.434 -2.228
-0.571 -0.351
-1.175 2.026
1.482 0.051
1.079 -0.96
-0.394 1.908
2.156 -0.446
0.42 -0.529
-1.061 -1.209
-1.033 0.408
-1.03 2.274
3.143 -1.881
-0.456 -2.242
-0.044 2.012
0.481 -0.205
2.037 0.984
-1.504 2.753
0.733 0.057
1.527 0.293
-0.39 -0.836
-3.481 -0.683
-0.615 0.913
2.695 -0.784
2.658 -0.304
-0.078 1.872
1.137 2.807
3.151 -1.161
-1.287 2.493
-0.882 2.05
0.328 -2.367
0.822 0.597
0.982 -2.835
-1.963 1.66
2.632 0.871
1.145 -0.955
-1.063 -2.143
1.375 1.133
0.124 -1.954
-2.629 1.844
0.992 -3.223
-2.263 -2.225
-0.19 1.811
-2.665 -3.092
0.007 -3.037
0.692 0.076
-2.869 -0.731
-0.017 -2.166
0.063 -3.997
-2.191 0.832
-0.008 -1.117
0.587 0.964
2.394 0.941
1.158 -1.698
-0.061 2.277
-2.757 -2.123
-0.521 0.629
-0.285 0.613
-0.673 2.392
-1.585 -1.225
2.109 1.827
-1.915 3.022
-0.616 -0.716
0.709 -1.905
2.167 -2.178
2.086 -0.897
-1.883 1.371
-1.605 1.992
-1.86 1.121
3.102 1.306
1.873 1.256
3.459 1.432
0.581 -0.96
-0.646 -2.648
2.251 -1.566
-2.024 0.059
2.881 2.128
2.08 2.005
-2.519 -0.13
-1.797 2.09
-2.715 0.616
-1.298 -0.82
2.444 -0.436
-0.318 1.318
2.488 -0.341
-2.168 1.278
0.837 0.116
2.86 0.136
-1.401 1.268
2.316 -1.199
0.564 1.204
-1.224 0.287
-0.556 1.534
-1.105 -0.701
0.148 -3.365
0.592 -0.419
10.988 1.698
10.649 -0.987
11.236 -4.908
8.363 3.615
9.335 -6.582
11.842 7.788
7.697 4.527
11.803 2.121
11.824 -7.824
9.317 -2.91
10.106 -3.465
9.574 -6.84
8.469 2.958
9.87 1.974
8.726 8.664
8.429 -9.339
10.057 -3.747
9.133 -5.811
8.575 2.832
12.054 -6.42
12.057 6.222
12.715 7.626
12.215 7.365
10.134 3.816
10.847 1.875
9.393 8.181
11.852 -6.141
12.313 -4.893
8.381 -1.302
9.137 -0.585
11.063 -3.561
8.92 -9.459
12.509 -0.882
8.941 8.97
10.378 -2.658
9.977 7.704
10.803 2.799
9.337 -3.516
10.623 -7.095
7.943 4.044
7.984 -4.26
11.539 -5.274
9.601 -4.23
11.728 1.65
8.939 3.333
10.781 -4.053
10.79 -0.195
9.217 -2.517
10.213 0.63
9.23 8.178
11.093 3.255
11.207 8.139
9.166 -5.175
8.703 -2.625
8.055 0.429
9.088 -1.353
12.192 -3.054
9.533 3.459
8.436 5.127
8.938 -8.859
10.578 -5.409
12.559 -1.701
10.758 3.816
8.473 -3.948
8.932 3.144
9.378 -3.639
9.526 -3.033
10.533 0.15
8.186 2.643
7.113 -3.051
10.003 7.935
8.453 -4.971
10.54 -3.426
10.401 -5.925
9.081 -4.557
10.271 -2.601
12.056 -0.192
12.684 -5.877
10.998 -1.71
11.24 -6.231
7.933 -1.467
9.722 -0.096
11.421 2.139
8.729 3.996
7.339 2.256
9.774 -7.233
7.634 5.13
9.259 2.487
11.489 -6.945
12.995 -1.776
12.901 -2.55
10.898 0.597
11.632 0.855
9.313 -3.555
10.464 3
10.436 3.201
10.902 -7.827
8.442 -8.715
9.969 -0.66
10.87 -4.068
7.892 0.144
10.933 -6.627
9.392 -0.435
12.263 -1.503
11.584 8.637
10.403 3.147
12.228 6.195
10.677 -2.025
11.795 -3.171
7.808 3.84
11.151 0.684
9.589 -3.165
8.469 2.955
9.174 -3.987
7.249 -2.097
9.632 1.293
11.143 0.021
10.311 4.41
8.644 -3.21
11.776 -4.731
8.057 -0.489
12.218 -2.673
10.643 -6.018
8.321 -1.719
12.489 -3.447
8.895 -5.604
11.919 0.369
9.065 -0.888
7.855 2.142
10.809 -6.471
9.126 -2.154
8.237 -5.697
12.505 -3.504
13.122 -1.782
10.231 -6.882
11.86 0.096
10.534 0.261
10.536 -0.777
7.917 -1.218
10.62 -0.708
12.615 -5.937
12.808 6.687
11.583 -5.19
11.602 -7.488
8.133 -3.018
10.647 1.419
7.146 -3.948
12.145 -3.309
11.467 -1.917
10.374 3.489
-10.377 -4.134
-9.973 5.946
-7.029 -4.179
-10.67 6.915
-8.547 0.423
-8.253 -0.849
-8.392 -6.009
-8.22 3.279
-7.061 -4.728
-10.481 -7.047
-9.993 5.988
-10.604 -0.741
-10.207 2.757
-7.484 1.449
-9.727 2.358
-9.633 -6.09
-11.39 -3.192
-10.463 -7.752
-9.089 4.629
-8.769 0.615
-8.289 -0.006
-12.227 1.785
-9.249 3.159
-9.222 2.418
-11.845 1.38
-10.27 -2.19
-7.892 -1.959
-11.39 -5.748
-9.884 -3.801
-7.499 -3.663
-11.197 -3.741
-11.591 0.228
-9.693 2.277
-8.449 2.916
-12.786 0.198
-10.142 -7.788
-9.64 2.646
-9.765 -4.872
-10.15 -6.165
-11.272 -3.474
-8.297 -3.765
-7.238 -4.434
-9.479 0.084
-11.496 -1.707
-11.744 -6.489
-10.803 0.921
-9.539 -8.04
-8.618 6.846
-8.685 -3.447
-10.323 2.616
-8.913 1.395
-10.189 7.32
-11.227 -4.539
-7.621 -2.739
-11.356 -3.333
-12.279 -6.489
-7.656 6.708
-11.114 -6.675
-10.856 -5.58
-9.481 2.625
-7.944 1.032
-8.016 -3.783
-11.038 -4.602
-9.322 6.789
-9.119 2.325
-10.783 3.816
-11.337 -3.273
-8.738 -2.169
-7.677 -2.469
-9.893 -2.127
-11.26 -5.934
-10.16 3.996
-10.087 1.866
-10.251 -1.227
-6.76 0.867
-7.826 1.197
-9.669 0.486
-9.389 3.915
-12.474 -0.6
-7.867 -5.379
-10.474 0.48
-10.842 -3.438
-6.981 1.017
-9.513 -7.815
-10.046 7.143
-9.187 -4.944
-8.991 -3.987
-8.689 -5.826
-8.174 -2.889
-7.909 2.778
-9.434 0.15
-8.672 1.155
-12.412 -0.342
-11.711 1.884
-9.84 -5.97
-11.941 -6.342
-9.373 5.385
-10.827 -0.138
-7.477 -5.28
-9.84 -1.875
-8.996 5.595
-10.997 2.868
-9.772 2.928
-8.811 -1.524
-6.855 -2.424
-11.352 -1.668
-11.287 6.585
-11.272 6.288
-10.949 2.331
-8.888 7.692
-8.148 0.315
-9.146 -1.827
-10.477 -2.718
-11.8 0.246
-8.433 -0.045
-6.392 1.623
-8.799 7.662
-11.907 -0.66
-10.685 -4.059
-8.532 -2.193
-9.33 3.51
-11.297 -3.534
-7.467 0.183
-10.819 -1.143
-11.437 0.594
-10.055 -1.524
-10.102 -5.802
-9.787 7.869
-9.002 7.941
-12.791 -3.81
-11.682 -0.996
-8.546 6.819
-9.676 -4.365
-7.738 3.099
-8.988 -2.775
-9.31 -1.077
-11.916 1.965
-10.637 -0.738
-10.32 6.774
-9.568 0.468
-8.56 -5.046
-6.637 1.887
-11.032 1.866
-9.3 -1.422
-8.548 -1.431
-8.212 5.202
-9.542 -0.084
-9.181 2.466
