1.836 9.2875
12.52 4.489
12.104 4.251
18.276 -2.8645
19.36 4.027
9.824 12.042
9.688 11.552
9.24 11.3385
19.776 3.474
19.952 3.8065
12.368 3.5335
-7.732 -8.88
-7.652 -9.688
-7.748 -9.74
-3.144 -1
-3.256 -0.732
-8.304 -10.316
-2.52 -5.944
22.906 -19.718
23.494 -20.566
20.014 -16.008
18.792 -20.494
19.586 -18.162
20.546 -18.428
17.22 -22.128
21.822 -16.914
22.462 -19.59
23.422 -20.004
21.502 -17.894
21.556 -18.388
16.31 -19.08
19.46 -21.46
17.22 -23.832
17.606 -22.494
16.818 -19.848
20.614 -18.482
20.72 -18.236
20.47 -23.248
17.456 -22.316
25.524 -22.956
21.042 -19.944
18.394 -19.386
22.63 -22.298
22.174 -19.07
19.622 -15.12
17.546 -23.026
17.288 -22.222
21.038 -18.25
24.112 -19.312
17.924 -23.068
21.762 -18.45
17.326 -22.182
22.524 -21.446
20.214 -21.418
17.48 -23.956
19.826 -18.756
19.498 -20.818
26.48 -19.422
24.348 -19.202
20.662 -19.676
21.222 -17.39
19.052 -19.68
18.316 -22.292
19.908 -15.238
23.652 -21.926
21.132 -19.9
22.656 -19.23
20.32 -23.98
21.254 -16.41
18.346 -20.092
20.32 -21.25
20.456 -18.048
22.378 -21.016
22.224 -14.872
23.704 -19.79
21.708 -21.218
19.046 -21.812
16.4 -19.836
23.134 -20.03
22.402 -14.892
18.63 -22.706
22.936 -21.462
21.34 -17.66
17.406 -22.356
19.89 -21.016
19.796 -23.868
16.636 -20.664
22.024 -21.85
21.38 -20.718
18.726 -20.492
19.36 -15.484
20.864 -19.688
22.904 -20.954
20.916 -20.056
21.638 -18.356
