27.672 0.2995 0
10.104 -8.069 1
2.468 9.7985 1
2.56 8.9235 1
1.328 9.473 1
1.768 9.792 1
15.816 15.815 2
12.104 4.251 2
12.468 3.3375 2
11.68 3.1485 2
11.924 4.2825 2
12.932 5.1995 2
12.768 5.266 2
12.368 3.5335 2
4.956 16.5255 3
-2.404 -6.316 3
-1.84 -5.26 3
-2.856 -6.036 3
-2.52 -5.944 3
-2.148 15.689 4
10.332 12.2835 4
8.424 11.678 4
9.824 12.042 4
9.688 11.552 4
9.24 11.3385 4
9.756 12.9695 4
6.42 18.111 5
19.36 4.027 5
18.624 3.439 5
20.632 3.936 5
19.776 3.474 5
19.952 3.8065 5
4.884 5.1435 6
18.276 -2.8645 6
17.32 -2.8505 6
17.456 -3.2845 6
18.668 -2.623 6
18.912 -4.534 7
-3.144 -1 7
-3.256 -0.732 7
-3.388 -0.804 7
-3.504 -0.348 7
4 6.2355 8
-7.652 -9.688 8
-8.132 -8.356 8
-7.488 -9.852 8
-6.896 -9.044 8
-8.676 -11.076 8
-7.748 -9.74 8
-8.304 -10.316 8
25.512 -4.2295 9
18.792 -20.494 9
17.22 -22.128 9
19.46 -21.46 9
17.22 -23.832 9
17.606 -22.494 9
17.456 -22.316 9
16.512 -24.326 9
18.394 -19.386 9
17.546 -23.026 9
17.288 -22.222 9
17.772 -24.45 9
18.288 -23.72 9
17.924 -23.068 9
17.326 -22.182 9
20.214 -21.418 9
17.48 -23.956 9
19.498 -20.818 9
19.052 -19.68 9
18.316 -22.292 9
18.346 -20.092 9
20.32 -21.25 9
18.102 -18.446 9
19.046 -21.812 9
18.63 -22.706 9
17.406 -22.356 9
18.362 -20.762 9
19.89 -21.016 9
18.726 -20.492 9
17.936 -18.756 9
20.1 1.395 10
18.66 -15.39 10
20.014 -16.008 10
19.622 -15.12 10
19.908 -15.238 10
20.426 -14.754 10
19.36 -15.484 10
5.904 -4.7125 11
25.878 -23.152 11
25.002 -22.442 11
25.524 -22.956 11
25.046 -23.52 11
8.156 -1.804 12
23.494 -20.566 12
19.586 -18.162 12
25.032 -19.034 12
20.546 -18.428 12
21.822 -16.914 12
22.462 -19.59 12
23.422 -20.004 12
21.502 -17.894 12
21.556 -18.388 12
24.216 -21.306 12
20.614 -18.482 12
20.72 -18.236 12
23.406 -22.51 12
21.042 -19.944 12
22.764 -15.436 12
22.63 -22.298 12
19.354 -18.256 12
22.174 -19.07 12
21.038 -18.25 12
24.112 -19.312 12
23.968 -22.522 12
21.356 -15.474 12
21.762 -18.45 12
22.524 -21.446 12
25.912 -20.112 12
19.68 -17.336 12
19.826 -18.756 12
26.48 -19.422 12
24.348 -19.202 12
20.662 -19.676 12
21.222 -17.39 12
26.038 -19.322 12
22.018 -22.658 12
23.652 -21.926 12
21.132 -19.9 12
22.656 -19.23 12
21.254 -16.41 12
22.008 -16.27 12
20.456 -18.048 12
22.378 -21.016 12
22.224 -14.872 12
23.704 -19.79 12
21.708 -21.218 12
23.134 -20.03 12
27.216 -18.918 12
22.402 -14.892 12
22.936 -21.462 12
21.34 -17.66 12
25.066 -19.878 12
21.996 -14.706 12
22.908 -15.454 12
22.024 -21.85 12
21.38 -20.718 12
20.864 -19.688 12
26.726 -18.742 12
21.4 -20.948 12
22.904 -20.954 12
20.916 -20.056 12
21.638 -18.356 12
10.324 -2.707 13
20.232 -22.534 13
20.47 -23.248 13
19.7 -24.11 13
20.32 -23.98 13
19.796 -23.868 13
20.648 -22.91 13
8.224 5.938 14
16.31 -19.08 14
16.818 -19.848 14
17.008 -21.138 14
16.578 -18.744 14
17.296 -21.112 14
16.4 -19.836 14
16.186 -20.44 14
17.126 -19.604 14
16.636 -20.664 14
16.168 -18.69 14
4.704 8.7625 15
9.688 7.0825 16
9.296 5.4795 17
3.368 2.3155 18
1.092 12.175 19
19.644 -0.4915 20
22.62 5.4375 21
10.332 -7.8765 22
6.948 16.48 23
5.36 9.7425 24
2.92 0.7475 25
9.568 1.479 26
-16.46 12.21 27
8.952 1.5455 28
6.408 6.3965 29
10.048 5.6125 30
0.576 5.7665 31
4.112 4.104 32
13.772 3.6665 33
0.536 14.149 34
15.844 19.7595 35
18.24 13.8585 36
15.312 11.9895 37
8.776 -8.307 38
10.948 13.967 39
20.856 -0.8625 40
21.368 -1.608 41
4.44 -2.2275 42
14.948 3.5545 43
18.732 5.427 44
12.884 16.5675 45
0.072 -0.25 46
2.592 8.1255 47
2.944 -1.195 48
24.852 6.078 49
6.956 17.67 50
3.24 15.458 51
7.82 9.2175 52
5.74 11.951 53
11.26 10.978 54
9.82 -7.8415 55
11.872 -9.1575 56
18.544 -4.8945 57
4.188 13.05 58
16.644 14.156 59
12.024 6.7815 60
15.924 6.848 61
2.384 5.714 62
14.304 -3.533 63
8.848 -3.6695 64
-1.9 -2.028 65
15.412 16.312 66
8.08 0.037 67
3.808 6.981 68
15.92 3.439 69
9.22 -1.104 70
3.9 5.6615 71
4.528 12.3325 72
10.056 -3.778 73
5.3 3.7155 74
7.668 3.0085 75
-0.804 1.1745 76
6.076 5.252 77
10.128 10.376 78
12.876 9.109 79
-0.764 2.1965 80
0.44 0.6985 81
12.168 -7.264 82
18.88 1.115 83
8.264 -2.798 84
7.716 3.7715 85
5.3 12.091 86
15.928 5.1785 87
14.316 1.64 88
5.756 0.7685 89
5.868 6.428 90
5.88 12.959 91
22.572 -1.5835 92
8.176 -2.847 93
18.148 8.444 94
3.984 14.6355 95
-0.036 17.936 96
16.108 6.0255 97
8.44 2.074 98
-3.924 2.6095 99
7.54 8.1955 100
20.78 2.256 101
14.548 14.8245 102
22.604 0.9365 103
4.852 13.7255 104
6.472 12.175 105
11.312 -3.2845 106
13.288 7.0895 107
13.928 -4.9225 108
2.148 10.81 109
20.528 8.0485 110
14.58 1.6575 111
5.748 -2.5005 112
15.5 8.9655 113
10.496 -1.839 114
-0.516 11.454 115
13.968 -6.2805 116
0.948 -2.7875 117
-0.66 -5.822 118
10.028 -5.6295 119
-1.476 2.4415 120
9.932 -2.581 121
10.252 -8.9895 122
1.236 7.912 123
-3.312 6.75 124
9.968 1.0905 125
12.348 8.374 126
19.576 8.2935 127
2.064 -6.7145 128
14.632 -0.943 129
-1.028 -2.4305 130
7.916 7.2015 131
8.86 7.1455 132
-3.556 8.8325 133
21.732 15.7345 134
7.308 13.372 135
3.66 0.7125 136
18.436 11.3945 137
2.34 15.577 138
7.536 2.494 139
12.836 -1.6675 140
18.344 1.8605 141
3.58 11.972 142
26.268 0.2995 143
22.408 9.571 144
17.492 9.396 145
23.836 10.012 146
12.324 1.64 147
7.416 -4.268 148
19.004 -0.481 149
1.904 5.2065 150
21.524 12.448 151
18.32 12.0175 152
-7.636 0.604 153
-0.076 4.545 154
2.812 12.315 155
-0.86 7.156 156
4.808 2.13 157
8.728 9.613 158
13.348 5.406 159
21.44 5.476 160
4.396 9.438 161
19.264 0.8035 162
12.256 9.214 163
5.104 6.0045 164
7.776 10.369 165
5.58 2.5465 166
10.592 -6.7775 167
-1.048 -2.736 168
-0.056 -11.544 169
-11.608 10.62 170
-11.548 -0.18 171
-7.66 -13.776 172
-6.024 11.204 173
-21.6 -16.944 174
2.368 5.384 175
-14.212 1.036 176
2.212 -2.172 177
2.296 -15.432 178
-1.852 -17.072 179
-4.576 -9.62 180
7.688 -24.12 181
-6.704 -14.12 182
-11.124 -1.056 183
-5.52 -2.368 184
-10.096 6.552 185
-11.284 -17.452 186
-4.772 -9.996 187
-8.468 -12.748 188
-10.7 -1.224 189
3.216 -13.56 190
-16.004 -0.96 191
3.228 3.296 192
-2.216 -16.424 193
5.86 5.168 194
3.86 4.82 195
-4.464 0.088 196
-17.256 -6.728 197
-1.612 -2.5 198
-7.428 5.908 199
2.408 -13.188 200
4.252 -11.524 201
-11.476 -6.736 202
-8.452 -5.78 203
-0.748 -9.748 204
-9.32 -17.612 205
5.036 -6.176 206
-9.236 6.96 207
-3.488 -8.544 208
-5.092 5.272 209
-10.68 -14.268 210
-1.788 -1.268 211
-2.508 -14.46 212
-13.228 0.392 213
-13.064 -10.68 214
1.156 -12.032 215
-6.596 -10.64 216
1.912 -2.8 217
-0.824 6.56 218
-9.244 -0.556 219
-1.876 -10.404 220
-4.148 -4.16 221
-8.08 5.904 222
-0.628 -0.66 223
-0.172 5.852 224
-18.628 -8.492 225
-22.928 -5.656 226
-8.336 -11.9 227
-10.188 -8.5 228
-12.78 -4.428 229
5.332 -21.62 230
-8.648 -6.804 231
3.768 -9.072 232
-6.868 -0.388 233
-11.256 1.836 234
-9.776 -2.9 235
-9.248 -16.812 236
-2.688 -12.212 237
-15.236 -14.768 238
5.236 -7.268 239
-1.968 0.088 240
-11.108 -10.264 241
-9.272 -0.808 242
10.216 -15.768 243
-2.868 -4.8 244
-13.14 3.004 245
-10.656 -2.708 246
-12.256 -1.476 247
-16.548 -9.068 248
-4.988 5.58 249
-11.188 -11.628 250
-2.84 -9.568 251
-3.396 -12.9 252
-8.612 12.964 253
-3.916 -8.468 254
3.224 -5.256 255
5.736 -12.836 256
-1.008 -7.28 257
-0.04 -13.308 258
-13.268 -6.956 259
-20.4 -18.796 260
-6.112 -5.128 261
0.684 -2.148 262
-16.896 -10.1 263
-10.824 -14.784 264
-10.084 0.328 265
-15.644 -1.992 266
-5.904 -14.644 267
-14.464 1.84 268
-7.964 -1.684 269
-3.428 -18.964 270
0.956 -14.26 271
6.98 -7.368 272
6.604 -8.4 273
-1.408 -4.204 274
1.528 -3.86 275
-6.604 -19.632 276
-1.392 -15.436 277
-11.232 -16.62 278
-5.124 -5.88 279
-1.52 -10.424 280
-13.432 -4.808 281
-1.268 -13.836 282
-7.432 -5.58 283
0.124 3.904 284
4.052 -7.004 285
-14.16 5.596 286
1.336 6.516 287
-1.568 -18.008 288
-15.384 -21.716 289
11.948 -8.068 290
3.912 3.26 291
-2.292 -7.7 292
2.18 -9.228 293
-6.352 13.312 294
-13.768 0.12 295
7.132 2.148 296
-0.396 -4.088 297
-6.644 -9.22 298
-1.968 13.168 299
-11.124 -1.06 300
-16.004 -7.796 301
-6.472 -3.276 302
-0.428 -4.972 303
-3.756 0.88 304
-10.424 -9.28 305
-19.444 -5.248 306
2.104 -11.308 307
-12.772 -5.652 308
3.872 -8.564 309
-2.428 -13.024 310
-11.716 -7.292 311
4.956 -9.596 312
-9.42 -12.472 313
2.676 -4.508 314
-9.464 1.02 315
-20.848 -0.78 316
-8.74 -6.184 317
-4.384 10.976 318
-9.232 3.664 319
-13.58 -2.144 320
-1.764 -13.628 321
-8.496 -7.872 322
-12.052 -12.596 323
5.02 -9.672 324
-17.388 -12.856 325
7.488 -7.376 326
-12.228 7.416 327
-15.096 13.008 328
-6.068 -25.716 329
-4.076 -14.176 330
2.44 -4.872 331
-2.864 -4.652 332
13.656 -9.112 333
2.32 2.508 334
-13.332 -6.624 335
4.684 6.992 336
-9.836 4.048 337
5.46 -12.916 338
6.232 3.916 339
2.072 0.688 340
1.332 -11.92 341
1.408 -14.984 342
-12.468 -9.024 343
-2.412 -3.108 344
-16.416 -10.264 345
-6.084 3.428 346
3.58 -9.412 347
0.868 -7.556 348
-13.876 -4.02 349
1.996 -19.108 350
27.382 -21.854 351
27.702 -20.718 352
15.504 -23.064 353
23.216 -24.006 354
23.56 -17.814 355
13.974 -24.494 356
19.038 -24.698 357
14.434 -18.338 358
13.666 -26.402 359
12.906 -19.134 360
14.176 -16.37 361
19.074 -25.168 362
17.814 -14.516 363
16.718 -25.214 364
14.038 -21.256 365
23.102 -18.056 366
31.474 -15.558 367
14.428 -19.868 368
19.716 -25.192 369
21.158 -14.05 370
21.016 -27.498 371
19.09 -26.496 372
16.346 -16.246 373
20.922 -25.36 374
25.328 -26.596 375
25.212 -15.446 376
24.758 -21.826 377
15.442 -24.326 378
24.688 -15.528 379
18.246 -13.042 380
11.576 -18.78 381
18.434 -17.456 382
19.416 -13.124 383
21.454 -27.382 384
24.646 -21.646 385
15.3 -23.082 386
15.028 -15.308 387
19.408 -16.882 388
15.052 -20.4 389
24.266 -23.586 390
28.034 -20.56 391
24.64 -12.238 392
20.974 -25.21 393
14.982 -14.17 394
18.298 -29.378 395
16.022 -15.184 396
28.104 -19.364 397
13.284 -20.546 398
21.626 -23.296 399
22.622 -23.884 400
24.182 -18.148 401
29.058 -20.49 402
26.572 -24.75 403
15.176 -20.228 404
21.218 -26.732 405
16.118 -24.228 406
30.676 -16.818 407
23.074 -34.53 408
27.422 -17.582 409
18.006 -18.088 410
26.29 -21.616 411
28.162 -17.106 412
17.426 -15.61 413
17.456 -15.808 414
25.374 -16.688 415
16.362 -27.152 416
18.602 -12.722 417
15.694 -25.116 418
26.596 -16.19 419
14.418 -22.54 420
23.686 -24.412 421
14.108 -21.932 422
24.524 -17.934 423
14.178 -12.634 424
26.232 -17.298 425
22.942 -16.87 426
13.966 -26.132 427
22.88 -23.364 428
23.576 -16.532 429
22.586 -26.096 430
1.836 9.2875 431
12.52 4.489 432
-3.4 -6.081 433
9.48 11.0235 434
19.376 4.237 435
18.368 -2.3395 436
-2.364 -0.859 437
-7.732 -8.88 438
19.246 -22.756 439
20.054 -16.036 440
25.942 -22.786 441
22.906 -19.718 442
20.734 -24.06 443
15.546 -18.81 444
