4.418 -1.343 0
0.026 -3.734 1
1.454 3.09 1
-1.261 3.293 1
-3.037 3.054 1
-0.895 3.746 1
0.63 -0.146 1
-1.279 0.041 1
2.228 -2.724 1
-1.5 0.353 1
3.878 -2.637 1
2.525 -1.03 1
-1.024 -2.775 1
-0.461 -1.944 1
0.081 -2.202 1
-0.444 0.268 1
-1.324 1.075 1
-0.078 0.595 1
-0.176 0.137 1
-1.658 -0.767 1
-2.227 2.05 1
2.411 -1.569 1
3.155 0.125 1
0.083 -3.679 1
-0.763 3.28 1
-1.16 1.355 1
-1.77 -1.215 1
-0.108 -1.006 1
-3.35 -3.166 1
-0.262 -0.987 1
0.526 -0.214 1
-0.898 0.399 1
0.012 0.175 1
-2.356 0.219 1
-1.472 -0.256 1
0.943 -0.381 1
-2.366 2.614 1
1.461 4.217 1
2.06 2.531 1
0.617 -0.475 1
1.328 1.997 1
-0.306 -3.802 1
0.237 2.562 1
2.714 -1.675 1
2.842 -1.888 1
-1.39 -2.065 1
1.237 -0.413 1
-0.13 1.721 1
2.183 0.122 1
0.721 3.305 1
-2.482 -1.5 1
-1.852 0.893 1
0.083 2.081 1
-1.764 -1.77 1
3.713 0.308 1
-0.761 3.62 1
-1.69 2.988 1
-0.545 1.205 1
-1.065 1.986 1
0.315 1.708 1
2.344 -0.218 1
-0.045 -3.669 1
0.468 -4.045 1
2.136 -2.827 1
-1.453 2.3 1
1.661 2.616 1
0.506 0.509 1
1.481 0.528 1
-1.904 0.204 1
1.076 -2.438 1
-0.288 -2.477 1
-2.975 -2.008 1
1.353 3.232 1
-0.48 -1.418 1
-1.548 0.566 1
1.48 -0.446 1
-0.195 -1.744 1
2.092 -2.097 1
-1.525 0.189 1
-1.368 2.095 1
0.014 -2.508 1
2.069 -2.247 1
-1.175 -0.367 1
-0.583 -0.569 1
-2.701 -1.093 1
-0.981 0.072 1
0.032 1.536 1
2.34 -0.278 1
0.719 1.174 1
-2.691 -0.801 1
-2.39 -1.229 1
0.542 -3.504 1
1.83 -2.243 1
-3.091 -1.674 1
1.864 -2.367 1
2.22 -1.11 1
-0.434 -2.228 1
-0.571 -0.351 1
-1.175 2.026 1
1.482 0.051 1
1.079 -0.96 1
-0.394 1.908 1
2.156 -0.446 1
0.42 -0.529 1
-1.061 -1.209 1
-1.033 0.408 1
-1.03 2.274 1
3.143 -1.881 1
-0.456 -2.242 1
-0.044 2.012 1
0.481 -0.205 1
2.037 0.984 1
-1.504 2.753 1
-2.509 3.696 1
0.733 0.057 1
1.527 0.293 1
-0.39 -0.836 1
-3.481 -0.683 1
-0.615 0.913 1
2.695 -0.784 1
2.658 -0.304 1
-0.078 1.872 1
1.137 2.807 1
3.151 -1.161 1
-1.287 2.493 1
-0.882 2.05 1
0.328 -2.367 1
0.822 0.597 1
0.982 -2.835 1
-1.963 1.66 1
2.632 0.871 1
1.145 -0.955 1
-1.063 -2.143 1
1.375 1.133 1
0.124 -1.954 1
-2.629 1.844 1
0.992 -3.223 1
-2.263 -2.225 1
-0.19 1.811 1
-2.665 -3.092 1
0.007 -3.037 1
0.692 0.076 1
-2.869 -0.731 1
-0.017 -2.166 1
0.063 -3.997 1
-2.191 0.832 1
-3.328 0.5 1
-0.008 -1.117 1
0.587 0.964 1
2.394 0.941 1
-1.984 -3.347 1
1.158 -1.698 1
-0.061 2.277 1
-2.757 -2.123 1
-0.521 0.629 1
-0.285 0.613 1
-3.389 1.095 1
2.933 3.067 1
-0.673 2.392 1
-1.585 -1.225 1
2.109 1.827 1
-1.915 3.022 1
-0.616 -0.716 1
0.709 -1.905 1
2.167 -2.178 1
2.086 -0.897 1
-1.883 1.371 1
-1.605 1.992 1
4.067 -1.343 1
-1.86 1.121 1
3.102 1.306 1
1.873 1.256 1
3.459 1.432 1
0.581 -0.96 1
-0.646 -2.648 1
2.251 -1.566 1
-2.024 0.059 1
2.881 2.128 1
2.08 2.005 1
-2.519 -0.13 1
-1.797 2.09 1
-2.715 0.616 1
-1.298 -0.82 1
2.444 -0.436 1
-0.318 1.318 1
2.488 -0.341 1
-2.168 1.278 1
0.837 0.116 1
2.86 0.136 1
-1.401 1.268 1
2.316 -1.199 1
0.564 1.204 1
-1.224 0.287 1
-0.556 1.534 1
-1.105 -0.701 1
0.148 -3.365 1
0.592 -0.419 1
-4.409 -1.256 2
-10.377 -4.134 2
-9.973 5.946 2
-7.029 -4.179 2
-10.67 6.915 2
-8.547 0.423 2
-6.309 -2.781 2
-8.253 -0.849 2
-8.392 -6.009 2
-8.22 3.279 2
-13.013 -6.741 2
-7.061 -4.728 2
-10.481 -7.047 2
-12.783 2.493 2
-9.993 5.988 2
-10.604 -0.741 2
-10.207 2.757 2
-7.484 1.449 2
-9.727 2.358 2
-9.633 -6.09 2
-11.39 -3.192 2
-10.463 -7.752 2
-9.089 4.629 2
-8.769 0.615 2
-8.289 -0.006 2
-12.227 1.785 2
-9.249 3.159 2
-9.222 2.418 2
-11.845 1.38 2
-10.27 -2.19 2
-7.892 -1.959 2
-11.39 -5.748 2
-9.884 -3.801 2
-7.499 -3.663 2
-11.197 -3.741 2
-11.591 0.228 2
-9.693 2.277 2
-8.449 2.916 2
-12.786 0.198 2
-10.142 -7.788 2
-9.64 2.646 2
-9.765 -4.872 2
-10.15 -6.165 2
-11.272 -3.474 2
-8.297 -3.765 2
-7.238 -4.434 2
-11.827 5.631 2
-9.479 0.084 2
-11.496 -1.707 2
-11.744 -6.489 2
-10.803 0.921 2
-9.539 -8.04 2
-8.618 6.846 2
-8.685 -3.447 2
-10.323 2.616 2
-8.913 1.395 2
-10.189 7.32 2
-7.394 6.831 2
-11.227 -4.539 2
-7.621 -2.739 2
-11.356 -3.333 2
-12.279 -6.489 2
-7.656 6.708 2
-11.114 -6.675 2
-10.856 -5.58 2
-9.481 2.625 2
-7.944 1.032 2
-8.016 -3.783 2
-11.038 -4.602 2
-9.322 6.789 2
-9.119 2.325 2
-10.783 3.816 2
-11.337 -3.273 2
-8.738 -2.169 2
-7.677 -2.469 2
-9.893 -2.127 2
-7.044 -0.168 2
-11.26 -5.934 2
-10.16 3.996 2
-10.087 1.866 2
-10.251 -1.227 2
-6.76 0.867 2
-7.826 1.197 2
-10.296 4.677 2
-9.669 0.486 2
-9.389 3.915 2
-12.474 -0.6 2
-7.867 -5.379 2
-10.474 0.48 2
-10.842 -3.438 2
-6.981 1.017 2
-9.513 -7.815 2
-10.046 7.143 2
-11.989 7.224 2
-5.948 0.954 2
-13.358 -0.819 2
-9.187 -4.944 2
-8.991 -3.987 2
-8.689 -5.826 2
-8.174 -2.889 2
-7.909 2.778 2
-9.434 0.15 2
-8.672 1.155 2
-12.412 -0.342 2
-11.711 1.884 2
-9.84 -5.97 2
-11.941 -6.342 2
-9.373 5.385 2
-10.827 -0.138 2
-7.477 -5.28 2
-9.84 -1.875 2
-8.996 5.595 2
-10.997 2.868 2
-9.772 2.928 2
-8.811 -1.524 2
-6.855 -2.424 2
-11.352 -1.668 2
-11.287 6.585 2
-11.272 6.288 2
-10.949 2.331 2
-8.888 7.692 2
-8.148 0.315 2
-9.146 -1.827 2
-10.477 -2.718 2
-11.8 0.246 2
-8.433 -0.045 2
-7.313 4.968 2
-6.392 1.623 2
-8.799 7.662 2
-11.907 -0.66 2
-10.685 -4.059 2
-8.532 -2.193 2
-9.33 3.51 2
-11.297 -3.534 2
-7.467 0.183 2
-10.819 -1.143 2
-11.437 0.594 2
-10.055 -1.524 2
-10.102 -5.802 2
-9.787 7.869 2
-9.002 7.941 2
-11.682 -0.996 2
-8.157 -6.618 2
-8.546 6.819 2
-9.676 -4.365 2
-7.738 3.099 2
-8.988 -2.775 2
-9.31 -1.077 2
-11.916 1.965 2
-10.637 -0.738 2
-8.529 4.695 2
-10.32 6.774 2
-9.568 0.468 2
-8.56 -5.046 2
-6.637 1.887 2
-11.032 1.866 2
-9.3 -1.422 2
-8.548 -1.431 2
-8.212 5.202 2
-9.542 -0.084 2
-9.181 2.466 2
10.649 -0.987 3
11.236 -4.908 3
8.348 11.715 3
8.363 3.615 3
9.335 -6.582 3
7.697 4.527 3
11.803 2.121 3
11.824 -7.824 3
9.317 -2.91 3
10.106 -3.465 3
9.574 -6.84 3
8.469 2.958 3
9.87 1.974 3
10.057 -3.747 3
9.133 -5.811 3
8.575 2.832 3
12.054 -6.42 3
7.249 3.03 3
10.696 -8.568 3
10.134 3.816 3
6.936 -1.296 3
10.847 1.875 3
11.852 -6.141 3
12.313 -4.893 3
8.381 -1.302 3
9.137 -0.585 3
11.063 -3.561 3
12.509 -0.882 3
10.378 -2.658 3
8.58 -6.951 3
10.803 2.799 3
9.337 -3.516 3
10.623 -7.095 3
7.943 4.044 3
7.984 -4.26 3
11.539 -5.274 3
9.601 -4.23 3
11.728 1.65 3
8.939 3.333 3
10.781 -4.053 3
10.79 -0.195 3
9.217 -2.517 3
10.213 0.63 3
11.093 3.255 3
6.593 -2.619 3
9.166 -5.175 3
8.703 -2.625 3
8.055 0.429 3
9.088 -1.353 3
12.192 -3.054 3
9.533 3.459 3
8.436 5.127 3
8.806 1.575 3
10.578 -5.409 3
12.559 -1.701 3
10.758 3.816 3
8.473 -3.948 3
8.932 3.144 3
9.378 -3.639 3
9.526 -3.033 3
10.533 0.15 3
7.965 6.003 3
8.586 1.719 3
8.186 2.643 3
7.113 -3.051 3
8.453 -4.971 3
10.54 -3.426 3
10.401 -5.925 3
9.081 -4.557 3
10.271 -2.601 3
12.056 -0.192 3
12.684 -5.877 3
10.998 -1.71 3
11.24 -6.231 3
7.933 -1.467 3
9.722 -0.096 3
11.421 2.139 3
7.026 -3.825 3
8.729 3.996 3
7.339 2.256 3
9.774 -7.233 3
7.634 5.13 3
9.259 2.487 3
11.489 -6.945 3
12.995 -1.776 3
12.901 -2.55 3
10.898 0.597 3
11.632 0.855 3
9.313 -3.555 3
10.464 3 3
10.436 3.201 3
10.902 -7.827 3
9.969 -0.66 3
10.87 -4.068 3
7.892 0.144 3
10.933 -6.627 3
9.392 -0.435 3
12.263 -1.503 3
10.403 3.147 3
10.677 -2.025 3
11.795 -3.171 3
7.808 3.84 3
11.151 0.684 3
9.589 -3.165 3
8.469 2.955 3
9.174 -3.987 3
7.249 -2.097 3
9.632 1.293 3
11.143 0.021 3
10.311 4.41 3
8.644 -3.21 3
11.776 -4.731 3
8.057 -0.489 3
12.218 -2.673 3
10.643 -6.018 3
8.321 -1.719 3
12.489 -3.447 3
8.895 -5.604 3
11.919 0.369 3
8.884 4.515 3
9.065 -0.888 3
7.855 2.142 3
10.809 -6.471 3
9.126 -2.154 3
8.237 -5.697 3
12.505 -3.504 3
13.122 -1.782 3
10.231 -6.882 3
11.86 0.096 3
10.534 0.261 3
10.536 -0.777 3
7.917 -1.218 3
10.62 -0.708 3
12.615 -5.937 3
11.583 -5.19 3
11.602 -7.488 3
8.133 -3.018 3
10.647 1.419 3
7.146 -3.948 3
12.145 -3.309 3
11.467 -1.917 3
10.374 3.489 3
7.781 0.735 3
9.744 12.153 4
12.057 6.222 4
12.715 7.626 4
12.215 7.365 4
11.044 8.67 4
11.207 8.139 4
11.281 6.678 4
11.584 8.637 4
12.228 6.195 4
11.83 5.631 4
12.421 8.994 4
12.808 6.687 4
5.85 -8.958 5
9.393 8.181 5
8.941 8.97 5
9.977 7.704 5
9.23 8.178 5
10.003 7.935 5
8.193 9.312 5
10.787 -9.054 6
8.92 -9.459 6
8.938 -8.859 6
8.442 -8.715 6
13.172 -14.34 7
-12.35 -4.623 7
-12.791 -3.81 7
-12.946 -2.898 7
5.518 -0.492 8
12.583 -12.465 9
7.441 -7.326 10
13.804 -8.076 11
9.097 13.473 12
6.15 -10.347 13
8.544 -7.338 14
10.393 -10.473 15
9.599 -10.974 16
11.692 11.094 17
7.71 7.947 18
10.858 -9.756 19
7.404 -12.537 20
14.237 -2.301 21
9.662 13.734 22
13.033 5.361 23
10.758 13.626 24
6.389 -0.186 25
6.038 3.165 26
10.154 11.982 27
8.942 6.498 28
6.903 -5.892 29
7.476 13.506 30
9.733 -15.537 31
14.664 -3.084 32
8.791 6.786 33
11.768 4.266 34
9.729 6.321 35
11.749 -10.581 36
-6.149 -1.077 37
-13.167 -9.603 38
-13.547 1.299 39
-12.912 5.445 40
-11.093 8.226 41
-11.641 -7.821 42
-12.981 -1.884 43
-4.263 6.663 44
-9.421 8.925 45
-9.492 -11.247 46
-10.455 -9.744 47
-7.336 -9.894 48
-10.877 10.437 49
-14.212 1.83 50
-10.292 10.314 51
-9.273 -11.073 52
-12.486 7.038 53
-5.983 -0.84 54
-7.68 11.643 55
-12.509 8.745 56
-10.851 -14.067 57
-5.471 -0.735 58
-6.714 -7.125 59
-9.391 -10.098 60
-4.662 4.773 61
-8.463 -21.795 62
-6.289 3.627 63
-5.919 4.341 64
-11.819 -10.728 65
-10.699 10.917 66
-12.153 -7.674 67
-6.702 5.715 68
-12.911 11.049 69
-6.884 4.053 70
-13.017 -9.198 71
-8.707 -9.144 72
-2.041 1.225 73
-6.615 2.06 74
10.988 1.698 75
11.842 7.788 76
8.726 8.664 77
8.429 -9.339 78
-12.248 -4.596 79
