4.418 -1.343
3.878 -2.637
-4.409 -1.256
8.348 11.715
9.744 12.153
5.85 -8.958
10.787 -9.054
13.172 -14.34
5.518 -0.492
12.583 -12.465
7.441 -7.326
13.804 -8.076
9.097 13.473
6.15 -10.347
8.544 -7.338
10.393 -10.473
9.599 -10.974
11.692 11.094
7.71 7.947
10.858 -9.756
7.404 -12.537
14.237 -2.301
9.662 13.734
13.033 5.361
10.758 13.626
6.389 -0.186
6.038 3.165
10.154 11.982
8.942 6.498
6.903 -5.892
7.476 13.506
9.733 -15.537
14.664 -3.084
8.791 6.786
11.768 4.266
9.729 6.321
11.749 -10.581
-6.149 -1.077
-13.167 -9.603
-13.547 1.299
-12.912 5.445
-11.093 8.226
-11.641 -7.821
-12.981 -1.884
-4.263 6.663
-9.421 8.925
-9.492 -11.247
-10.455 -9.744
-7.336 -9.894
-10.877 10.437
-14.212 1.83
-10.292 10.314
-9.273 -11.073
-12.486 7.038
-5.983 -0.84
-7.68 11.643
-12.509 8.745
-10.851 -14.067
-5.471 -0.735
-6.714 -7.125
-9.391 -10.098
-4.662 4.773
-8.463 -21.795
-6.289 3.627
-5.919 4.341
-11.819 -10.728
-10.699 10.917
-12.153 -7.674
-6.702 5.715
-12.911 11.049
-6.884 4.053
-13.017 -9.198
-8.707 -9.144
