27.672 0.2995
10.104 -8.069
15.816 15.815
4.956 16.5255
-2.148 15.689
6.42 18.111
4.884 5.1435
18.912 -4.534
4 6.2355
25.512 -4.2295
20.1 1.395
5.904 -4.7125
8.156 -1.804
10.324 -2.707
8.224 5.938
4.704 8.7625
9.688 7.0825
9.296 5.4795
3.368 2.3155
1.092 12.175
19.644 -0.4915
22.62 5.4375
10.332 -7.8765
6.948 16.48
5.36 9.7425
2.92 0.7475
9.568 1.479
-16.46 12.21
8.952 1.5455
6.408 6.3965
10.048 5.6125
0.576 5.7665
4.112 4.104
13.772 3.6665
0.536 14.149
15.844 19.7595
18.24 13.8585
15.312 11.9895
8.776 -8.307
10.948 13.967
20.856 -0.8625
21.368 -1.608
4.44 -2.2275
14.948 3.5545
18.732 5.427
12.884 16.5675
0.072 -0.25
2.592 8.1255
2.944 -1.195
24.852 6.078
6.956 17.67
3.24 15.458
7.82 9.2175
5.74 11.951
11.26 10.978
9.82 -7.8415
11.872 -9.1575
18.544 -4.8945
4.188 13.05
16.644 14.156
12.024 6.7815
15.924 6.848
2.384 5.714
14.304 -3.533
8.848 -3.6695
-1.9 -2.028
15.412 16.312
8.08 0.037
3.808 6.981
15.92 3.439
9.22 -1.104
3.9 5.6615
4.528 12.3325
10.056 -3.778
5.3 3.7155
7.668 3.0085
-0.804 1.1745
6.076 5.252
10.128 10.376
12.876 9.109
-0.764 2.1965
0.44 0.6985
12.168 -7.264
18.88 1.115
8.264 -2.798
7.716 3.7715
5.3 12.091
15.928 5.1785
14.316 1.64
5.756 0.7685
5.868 6.428
5.88 12.959
22.572 -1.5835
8.176 -2.847
18.148 8.444
3.984 14.6355
-0.036 17.936
16.108 6.0255
8.44 2.074
-3.924 2.6095
7.54 8.1955
20.78 2.256
14.548 14.8245
22.604 0.9365
4.852 13.7255
6.472 12.175
11.312 -3.2845
13.288 7.0895
13.928 -4.9225
2.148 10.81
20.528 8.0485
14.58 1.6575
5.748 -2.5005
15.5 8.9655
10.496 -1.839
-0.516 11.454
13.968 -6.2805
0.948 -2.7875
-0.66 -5.822
10.028 -5.6295
-1.476 2.4415
9.932 -2.581
10.252 -8.9895
1.236 7.912
-3.312 6.75
9.968 1.0905
12.348 8.374
19.576 8.2935
2.064 -6.7145
14.632 -0.943
-1.028 -2.4305
7.916 7.2015
8.86 7.1455
-3.556 8.8325
21.732 15.7345
7.308 13.372
3.66 0.7125
18.436 11.3945
2.34 15.577
7.536 2.494
12.836 -1.6675
18.344 1.8605
3.58 11.972
26.268 0.2995
22.408 9.571
17.492 9.396
23.836 10.012
12.324 1.64
7.416 -4.268
19.004 -0.481
1.904 5.2065
21.524 12.448
18.32 12.0175
-7.636 0.604
-0.076 4.545
2.812 12.315
-0.86 7.156
4.808 2.13
8.728 9.613
13.348 5.406
21.44 5.476
4.396 9.438
19.264 0.8035
12.256 9.214
5.104 6.0045
7.776 10.369
5.58 2.5465
10.592 -6.7775
-1.048 -2.736
-0.056 -11.544
-11.608 10.62
-11.548 -0.18
-7.66 -13.776
-6.024 11.204
-21.6 -16.944
2.368 5.384
-14.212 1.036
2.212 -2.172
2.296 -15.432
-1.852 -17.072
-4.576 -9.62
7.688 -24.12
-6.704 -14.12
-11.124 -1.056
-5.52 -2.368
-10.096 6.552
-11.284 -17.452
-4.772 -9.996
-8.468 -12.748
-10.7 -1.224
3.216 -13.56
-16.004 -0.96
3.228 3.296
-2.216 -16.424
5.86 5.168
3.86 4.82
-4.464 0.088
-17.256 -6.728
-1.612 -2.5
-7.428 5.908
2.408 -13.188
4.252 -11.524
-11.476 -6.736
-8.452 -5.78
-0.748 -9.748
-9.32 -17.612
5.036 -6.176
-9.236 6.96
-3.488 -8.544
-5.092 5.272
-10.68 -14.268
-1.788 -1.268
-2.508 -14.46
-13.228 0.392
-13.064 -10.68
1.156 -12.032
-6.596 -10.64
1.912 -2.8
-0.824 6.56
-9.244 -0.556
-1.876 -10.404
-4.148 -4.16
-8.08 5.904
-0.628 -0.66
-0.172 5.852
-18.628 -8.492
-22.928 -5.656
-8.336 -11.9
-10.188 -8.5
-12.78 -4.428
5.332 -21.62
-8.648 -6.804
3.768 -9.072
-6.868 -0.388
-11.256 1.836
-9.776 -2.9
-9.248 -16.812
-2.688 -12.212
-15.236 -14.768
5.236 -7.268
-1.968 0.088
-11.108 -10.264
-9.272 -0.808
10.216 -15.768
-2.868 -4.8
-13.14 3.004
-10.656 -2.708
-12.256 -1.476
-16.548 -9.068
-4.988 5.58
-11.188 -11.628
-2.84 -9.568
-3.396 -12.9
-8.612 12.964
-3.916 -8.468
3.224 -5.256
5.736 -12.836
-1.008 -7.28
-0.04 -13.308
-13.268 -6.956
-20.4 -18.796
-6.112 -5.128
0.684 -2.148
-16.896 -10.1
-10.824 -14.784
-10.084 0.328
-15.644 -1.992
-5.904 -14.644
-14.464 1.84
-7.964 -1.684
-3.428 -18.964
0.956 -14.26
6.98 -7.368
6.604 -8.4
-1.408 -4.204
1.528 -3.86
-6.604 -19.632
-1.392 -15.436
-11.232 -16.62
-5.124 -5.88
-1.52 -10.424
-13.432 -4.808
-1.268 -13.836
-7.432 -5.58
0.124 3.904
4.052 -7.004
-14.16 5.596
1.336 6.516
-1.568 -18.008
-15.384 -21.716
11.948 -8.068
3.912 3.26
-2.292 -7.7
2.18 -9.228
-6.352 13.312
-13.768 0.12
7.132 2.148
-0.396 -4.088
-6.644 -9.22
-1.968 13.168
-11.124 -1.06
-16.004 -7.796
-6.472 -3.276
-0.428 -4.972
-3.756 0.88
-10.424 -9.28
-19.444 -5.248
2.104 -11.308
-12.772 -5.652
3.872 -8.564
-2.428 -13.024
-11.716 -7.292
4.956 -9.596
-9.42 -12.472
2.676 -4.508
-9.464 1.02
-20.848 -0.78
-8.74 -6.184
-4.384 10.976
-9.232 3.664
-13.58 -2.144
-1.764 -13.628
-8.496 -7.872
-12.052 -12.596
5.02 -9.672
-17.388 -12.856
7.488 -7.376
-12.228 7.416
-15.096 13.008
-6.068 -25.716
-4.076 -14.176
2.44 -4.872
-2.864 -4.652
13.656 -9.112
2.32 2.508
-13.332 -6.624
4.684 6.992
-9.836 4.048
5.46 -12.916
6.232 3.916
2.072 0.688
1.332 -11.92
1.408 -14.984
-12.468 -9.024
-2.412 -3.108
-16.416 -10.264
-6.084 3.428
3.58 -9.412
0.868 -7.556
-13.876 -4.02
1.996 -19.108
27.382 -21.854
27.702 -20.718
15.504 -23.064
23.216 -24.006
23.56 -17.814
13.974 -24.494
19.038 -24.698
14.434 -18.338
13.666 -26.402
12.906 -19.134
14.176 -16.37
19.074 -25.168
17.814 -14.516
16.718 -25.214
14.038 -21.256
23.102 -18.056
31.474 -15.558
14.428 -19.868
19.716 -25.192
21.158 -14.05
21.016 -27.498
19.09 -26.496
16.346 -16.246
20.922 -25.36
25.328 -26.596
25.212 -15.446
24.758 -21.826
15.442 -24.326
24.688 -15.528
18.246 -13.042
11.576 -18.78
18.434 -17.456
19.416 -13.124
21.454 -27.382
24.646 -21.646
15.3 -23.082
15.028 -15.308
19.408 -16.882
15.052 -20.4
24.266 -23.586
28.034 -20.56
24.64 -12.238
20.974 -25.21
14.982 -14.17
18.298 -29.378
16.022 -15.184
28.104 -19.364
13.284 -20.546
21.626 -23.296
22.622 -23.884
24.182 -18.148
29.058 -20.49
26.572 -24.75
15.176 -20.228
21.218 -26.732
16.118 -24.228
30.676 -16.818
23.074 -34.53
27.422 -17.582
18.006 -18.088
26.29 -21.616
28.162 -17.106
17.426 -15.61
17.456 -15.808
25.374 -16.688
16.362 -27.152
18.602 -12.722
15.694 -25.116
26.596 -16.19
14.418 -22.54
23.686 -24.412
14.108 -21.932
24.524 -17.934
14.178 -12.634
26.232 -17.298
22.942 -16.87
13.966 -26.132
22.88 -23.364
23.576 -16.532
22.586 -26.096
