-3.4 -6.081
12.468 3.3375
9.48 11.0235
10.332 12.2835
19.376 4.237
18.368 -2.3395
17.32 -2.8505
-2.364 -0.859
17.456 -3.2845
8.424 11.678
18.624 3.439
11.68 3.1485
11.924 4.2825
12.932 5.1995
20.632 3.936
12.768 5.266
9.756 12.9695
18.668 -2.623
2.468 9.7985
2.56 8.9235
1.328 9.473
-2.404 -6.316
-1.84 -5.26
-8.132 -8.356
-7.488 -9.852
-6.896 -9.044
-8.676 -11.076
1.768 9.792
-3.388 -0.804
-2.856 -6.036
-3.504 -0.348
19.246 -22.756
20.054 -16.036
25.942 -22.786
18.66 -15.39
25.878 -23.152
25.032 -19.034
20.734 -24.06
15.546 -18.81
24.216 -21.306
20.232 -22.534
25.002 -22.442
19.7 -24.11
23.406 -22.51
17.008 -21.138
16.512 -24.326
22.764 -15.436
19.354 -18.256
17.772 -24.45
18.288 -23.72
23.968 -22.522
21.356 -15.474
25.912 -20.112
19.68 -17.336
26.038 -19.322
22.018 -22.658
16.578 -18.744
25.046 -23.52
22.008 -16.27
17.296 -21.112
18.102 -18.446
27.216 -18.918
16.186 -20.44
25.066 -19.878
18.362 -20.762
17.126 -19.604
20.426 -14.754
21.996 -14.706
22.908 -15.454
20.648 -22.91
16.168 -18.69
26.726 -18.742
17.936 -18.756
21.4 -20.948
