-3.037 3.054
-3.35 -3.166
-6.615 2.06
1.461 4.217
3.713 0.308
-2.509 3.696
-3.328 0.5
-1.984 -3.347
-3.389 1.095
2.933 3.067
4.067 -1.343
7.249 3.03
10.696 -8.568
6.936 -1.296
8.58 -6.951
11.044 8.67
6.593 -2.619
8.806 1.575
7.965 6.003
8.586 1.719
7.026 -3.825
11.281 6.678
8.884 4.515
8.193 9.312
11.83 5.631
12.421 8.994
7.781 0.735
-6.309 -2.781
-12.248 -4.596
-13.013 -6.741
-12.783 2.493
-11.827 5.631
-7.394 6.831
-7.044 -0.168
-12.35 -4.623
-10.296 4.677
-11.989 7.224
-5.948 0.954
-13.358 -0.819
-7.313 4.968
-8.157 -6.618
-12.946 -2.898
-8.529 4.695
