-2.041 1.225 0
4.418 -1.343 0
0.026 -3.734 0
1.454 3.09 0
-1.261 3.293 0
-3.037 3.054 0
-0.895 3.746 0
0.63 -0.146 0
-1.279 0.041 0
2.228 -2.724 0
-1.5 0.353 0
3.878 -2.637 0
2.525 -1.03 0
-1.024 -2.775 0
-0.461 -1.944 0
0.081 -2.202 0
-0.444 0.268 0
-1.324 1.075 0
-0.078 0.595 0
-0.176 0.137 0
-1.658 -0.767 0
-2.227 2.05 0
2.411 -1.569 0
3.155 0.125 0
0.083 -3.679 0
-0.763 3.28 0
-1.16 1.355 0
-1.77 -1.215 0
-0.108 -1.006 0
-3.35 -3.166 0
-0.262 -0.987 0
0.526 -0.214 0
-0.898 0.399 0
0.012 0.175 0
-2.356 0.219 0
-1.472 -0.256 0
0.943 -0.381 0
-2.366 2.614 0
1.461 4.217 0
2.06 2.531 0
0.617 -0.475 0
1.328 1.997 0
-0.306 -3.802 0
0.237 2.562 0
2.714 -1.675 0
2.842 -1.888 0
-1.39 -2.065 0
1.237 -0.413 0
-0.13 1.721 0
2.183 0.122 0
0.721 3.305 0
-2.482 -1.5 0
-1.852 0.893 0
0.083 2.081 0
-1.764 -1.77 0
3.713 0.308 0
-0.761 3.62 0
-1.69 2.988 0
-0.545 1.205 0
-1.065 1.986 0
0.315 1.708 0
2.344 -0.218 0
-0.045 -3.669 0
0.468 -4.045 0
2.136 -2.827 0
-1.453 2.3 0
1.661 2.616 0
0.506 0.509 0
1.481 0.528 0
-1.904 0.204 0
1.076 -2.438 0
-0.288 -2.477 0
-2.975 -2.008 0
1.353 3.232 0
-0.48 -1.418 0
-1.548 0.566 0
1.48 -0.446 0
-0.195 -1.744 0
2.092 -2.097 0
-1.525 0.189 0
-1.368 2.095 0
0.014 -2.508 0
2.069 -2.247 0
-1.175 -0.367 0
-0.583 -0.569 0
-2.701 -1.093 0
-0.981 0.072 0
0.032 1.536 0
2.34 -0.278 0
0.719 1.174 0
-2.691 -0.801 0
-2.39 -1.229 0
0.542 -3.504 0
1.83 -2.243 0
-3.091 -1.674 0
1.864 -2.367 0
2.22 -1.11 0
-0.434 -2.228 0
-0.571 -0.351 0
-1.175 2.026 0
1.482 0.051 0
1.079 -0.96 0
-0.394 1.908 0
2.156 -0.446 0
0.42 -0.529 0
-1.061 -1.209 0
-1.033 0.408 0
-1.03 2.274 0
3.143 -1.881 0
-0.456 -2.242 0
-0.044 2.012 0
0.481 -0.205 0
2.037 0.984 0
-1.504 2.753 0
-2.509 3.696 0
0.733 0.057 0
1.527 0.293 0
-0.39 -0.836 0
-3.481 -0.683 0
-0.615 0.913 0
2.695 -0.784 0
2.658 -0.304 0
-0.078 1.872 0
1.137 2.807 0
3.151 -1.161 0
-1.287 2.493 0
-0.882 2.05 0
0.328 -2.367 0
0.822 0.597 0
0.982 -2.835 0
-1.963 1.66 0
2.632 0.871 0
1.145 -0.955 0
-1.063 -2.143 0
1.375 1.133 0
0.124 -1.954 0
-2.629 1.844 0
0.992 -3.223 0
-2.263 -2.225 0
-0.19 1.811 0
-2.665 -3.092 0
0.007 -3.037 0
0.692 0.076 0
-2.869 -0.731 0
-0.017 -2.166 0
0.063 -3.997 0
-2.191 0.832 0
-3.328 0.5 0
-0.008 -1.117 0
0.587 0.964 0
2.394 0.941 0
-1.984 -3.347 0
1.158 -1.698 0
-0.061 2.277 0
-2.757 -2.123 0
-0.521 0.629 0
-0.285 0.613 0
-3.389 1.095 0
2.933 3.067 0
-0.673 2.392 0
-1.585 -1.225 0
2.109 1.827 0
-1.915 3.022 0
-0.616 -0.716 0
0.709 -1.905 0
2.167 -2.178 0
2.086 -0.897 0
-1.883 1.371 0
-1.605 1.992 0
4.067 -1.343 0
-1.86 1.121 0
3.102 1.306 0
1.873 1.256 0
3.459 1.432 0
0.581 -0.96 0
-0.646 -2.648 0
2.251 -1.566 0
-2.024 0.059 0
2.881 2.128 0
2.08 2.005 0
-4.409 -1.256 0
-2.519 -0.13 0
-1.797 2.09 0
-2.715 0.616 0
-1.298 -0.82 0
2.444 -0.436 0
-0.318 1.318 0
2.488 -0.341 0
-2.168 1.278 0
0.837 0.116 0
2.86 0.136 0
-1.401 1.268 0
2.316 -1.199 0
0.564 1.204 0
-1.224 0.287 0
-0.556 1.534 0
-1.105 -0.701 0
0.148 -3.365 0
0.592 -0.419 0
-6.615 2.06 1
-10.377 -4.134 1
-9.973 5.946 1
-7.029 -4.179 1
-10.67 6.915 1
-8.547 0.423 1
-6.309 -2.781 1
-6.149 -1.077 1
-8.253 -0.849 1
-12.248 -4.596 1
-8.392 -6.009 1
-8.22 3.279 1
-13.013 -6.741 1
-7.061 -4.728 1
-10.481 -7.047 1
-12.783 2.493 1
-9.993 5.988 1
-10.604 -0.741 1
-10.207 2.757 1
-13.167 -9.603 1
-13.547 1.299 1
-7.484 1.449 1
-9.727 2.358 1
-9.633 -6.09 1
-11.39 -3.192 1
-12.912 5.445 1
-10.463 -7.752 1
-9.089 4.629 1
-11.093 8.226 1
-8.769 0.615 1
-8.289 -0.006 1
-12.227 1.785 1
-9.249 3.159 1
-9.222 2.418 1
-11.641 -7.821 1
-11.845 1.38 1
-10.27 -2.19 1
-7.892 -1.959 1
-12.981 -1.884 1
-11.39 -5.748 1
-9.884 -3.801 1
-7.499 -3.663 1
-11.197 -3.741 1
-11.591 0.228 1
-9.693 2.277 1
-8.449 2.916 1
-4.263 6.663 1
-12.786 0.198 1
-10.142 -7.788 1
-9.64 2.646 1
-9.765 -4.872 1
-10.15 -6.165 1
-9.421 8.925 1
-9.492 -11.247 1
-11.272 -3.474 1
-10.455 -9.744 1
-8.297 -3.765 1
-7.238 -4.434 1
-11.827 5.631 1
-9.479 0.084 1
-11.496 -1.707 1
-11.744 -6.489 1
-10.803 0.921 1
-9.539 -8.04 1
-8.618 6.846 1
-8.685 -3.447 1
-10.323 2.616 1
-8.913 1.395 1
-10.189 7.32 1
-7.336 -9.894 1
-7.394 6.831 1
-11.227 -4.539 1
-7.621 -2.739 1
-11.356 -3.333 1
-12.279 -6.489 1
-7.656 6.708 1
-11.114 -6.675 1
-10.856 -5.58 1
-9.481 2.625 1
-10.877 10.437 1
-7.944 1.032 1
-8.016 -3.783 1
-14.212 1.83 1
-11.038 -4.602 1
-9.322 6.789 1
-9.119 2.325 1
-10.783 3.816 1
-10.292 10.314 1
-11.337 -3.273 1
-9.273 -11.073 1
-8.738 -2.169 1
-7.677 -2.469 1
-9.893 -2.127 1
-7.044 -0.168 1
-11.26 -5.934 1
-10.16 3.996 1
-10.087 1.866 1
-10.251 -1.227 1
-6.76 0.867 1
-7.826 1.197 1
-12.35 -4.623 1
-12.486 7.038 1
-10.296 4.677 1
-9.669 0.486 1
-9.389 3.915 1
-12.474 -0.6 1
-7.867 -5.379 1
-5.983 -0.84 1
-10.474 0.48 1
-7.68 11.643 1
-10.842 -3.438 1
-6.981 1.017 1
-9.513 -7.815 1
-10.046 7.143 1
-12.509 8.745 1
-10.851 -14.067 1
-11.989 7.224 1
-5.948 0.954 1
-13.358 -0.819 1
-9.187 -4.944 1
-8.991 -3.987 1
-8.689 -5.826 1
-8.174 -2.889 1
-7.909 2.778 1
-9.434 0.15 1
-8.672 1.155 1
-5.471 -0.735 1
-6.714 -7.125 1
-12.412 -0.342 1
-11.711 1.884 1
-9.391 -10.098 1
-9.84 -5.97 1
-11.941 -6.342 1
-9.373 5.385 1
-10.827 -0.138 1
-4.662 4.773 1
-7.477 -5.28 1
-8.463 -21.795 1
-9.84 -1.875 1
-8.996 5.595 1
-6.289 3.627 1
-10.997 2.868 1
-9.772 2.928 1
-8.811 -1.524 1
-6.855 -2.424 1
-11.352 -1.668 1
-5.919 4.341 1
-11.287 6.585 1
-11.272 6.288 1
-10.949 2.331 1
-8.888 7.692 1
-8.148 0.315 1
-9.146 -1.827 1
-10.477 -2.718 1
-11.8 0.246 1
-8.433 -0.045 1
-7.313 4.968 1
-6.392 1.623 1
-8.799 7.662 1
-11.819 -10.728 1
-11.907 -0.66 1
-10.699 10.917 1
-10.685 -4.059 1
-12.153 -7.674 1
-6.702 5.715 1
-8.532 -2.193 1
-9.33 3.51 1
-11.297 -3.534 1
-7.467 0.183 1
-10.819 -1.143 1
-11.437 0.594 1
-10.055 -1.524 1
-10.102 -5.802 1
-9.787 7.869 1
-9.002 7.941 1
-12.791 -3.81 1
-11.682 -0.996 1
-8.157 -6.618 1
-12.946 -2.898 1
-8.546 6.819 1
-9.676 -4.365 1
-7.738 3.099 1
-8.988 -2.775 1
-12.911 11.049 1
-9.31 -1.077 1
-11.916 1.965 1
-6.884 4.053 1
-10.637 -0.738 1
-8.529 4.695 1
-10.32 6.774 1
-9.568 0.468 1
-13.017 -9.198 1
-8.56 -5.046 1
-6.637 1.887 1
-11.032 1.866 1
-9.3 -1.422 1
-8.548 -1.431 1
-8.212 5.202 1
-9.542 -0.084 1
-8.707 -9.144 1
-9.181 2.466 1
10.988 1.698 2
10.649 -0.987 2
11.236 -4.908 2
8.348 11.715 2
8.363 3.615 2
9.335 -6.582 2
9.744 12.153 2
5.85 -8.958 2
11.842 7.788 2
7.697 4.527 2
11.803 2.121 2
11.824 -7.824 2
9.317 -2.91 2
10.787 -9.054 2
10.106 -3.465 2
13.172 -14.34 2
9.574 -6.84 2
8.469 2.958 2
9.87 1.974 2
8.726 8.664 2
8.429 -9.339 2
10.057 -3.747 2
9.133 -5.811 2
8.575 2.832 2
12.054 -6.42 2
7.249 3.03 2
12.057 6.222 2
10.696 -8.568 2
12.715 7.626 2
12.215 7.365 2
10.134 3.816 2
6.936 -1.296 2
10.847 1.875 2
9.393 8.181 2
11.852 -6.141 2
12.313 -4.893 2
8.381 -1.302 2
9.137 -0.585 2
11.063 -3.561 2
8.92 -9.459 2
12.509 -0.882 2
8.941 8.97 2
10.378 -2.658 2
9.977 7.704 2
8.58 -6.951 2
10.803 2.799 2
9.337 -3.516 2
10.623 -7.095 2
7.943 4.044 2
7.984 -4.26 2
11.539 -5.274 2
9.601 -4.23 2
11.728 1.65 2
11.044 8.67 2
8.939 3.333 2
10.781 -4.053 2
10.79 -0.195 2
9.217 -2.517 2
10.213 0.63 2
9.23 8.178 2
11.093 3.255 2
11.207 8.139 2
6.593 -2.619 2
5.518 -0.492 2
9.166 -5.175 2
8.703 -2.625 2
8.055 0.429 2
12.583 -12.465 2
9.088 -1.353 2
12.192 -3.054 2
9.533 3.459 2
8.436 5.127 2
8.806 1.575 2
8.938 -8.859 2
10.578 -5.409 2
7.441 -7.326 2
12.559 -1.701 2
10.758 3.816 2
8.473 -3.948 2
8.932 3.144 2
9.378 -3.639 2
9.526 -3.033 2
13.804 -8.076 2
10.533 0.15 2
7.965 6.003 2
8.586 1.719 2
8.186 2.643 2
7.113 -3.051 2
10.003 7.935 2
8.453 -4.971 2
10.54 -3.426 2
10.401 -5.925 2
9.081 -4.557 2
9.097 13.473 2
10.271 -2.601 2
12.056 -0.192 2
12.684 -5.877 2
10.998 -1.71 2
11.24 -6.231 2
7.933 -1.467 2
6.15 -10.347 2
9.722 -0.096 2
11.421 2.139 2
7.026 -3.825 2
8.544 -7.338 2
8.729 3.996 2
7.339 2.256 2
9.774 -7.233 2
7.634 5.13 2
9.259 2.487 2
10.393 -10.473 2
11.489 -6.945 2
12.995 -1.776 2
12.901 -2.55 2
10.898 0.597 2
11.632 0.855 2
9.599 -10.974 2
9.313 -3.555 2
10.464 3 2
10.436 3.201 2
11.692 11.094 2
10.902 -7.827 2
8.442 -8.715 2
9.969 -0.66 2
10.87 -4.068 2
7.892 0.144 2
10.933 -6.627 2
9.392 -0.435 2
11.281 6.678 2
12.263 -1.503 2
7.71 7.947 2
11.584 8.637 2
10.858 -9.756 2
7.404 -12.537 2
10.403 3.147 2
14.237 -2.301 2
12.228 6.195 2
10.677 -2.025 2
11.795 -3.171 2
9.662 13.734 2
7.808 3.84 2
13.033 5.361 2
11.151 0.684 2
9.589 -3.165 2
10.758 13.626 2
8.469 2.955 2
9.174 -3.987 2
7.249 -2.097 2
9.632 1.293 2
11.143 0.021 2
10.311 4.41 2
8.644 -3.21 2
6.389 -0.186 2
11.776 -4.731 2
8.057 -0.489 2
12.218 -2.673 2
10.643 -6.018 2
8.321 -1.719 2
12.489 -3.447 2
8.895 -5.604 2
11.919 0.369 2
8.884 4.515 2
6.038 3.165 2
9.065 -0.888 2
10.154 11.982 2
8.942 6.498 2
7.855 2.142 2
10.809 -6.471 2
9.126 -2.154 2
8.237 -5.697 2
12.505 -3.504 2
6.903 -5.892 2
13.122 -1.782 2
8.193 9.312 2
7.476 13.506 2
9.733 -15.537 2
10.231 -6.882 2
11.86 0.096 2
10.534 0.261 2
10.536 -0.777 2
14.664 -3.084 2
11.83 5.631 2
7.917 -1.218 2
12.421 8.994 2
10.62 -0.708 2
8.791 6.786 2
12.615 -5.937 2
12.808 6.687 2
11.768 4.266 2
11.583 -5.19 2
11.602 -7.488 2
8.133 -3.018 2
10.647 1.419 2
7.146 -3.948 2
9.729 6.321 2
12.145 -3.309 2
11.467 -1.917 2
10.374 3.489 2
7.781 0.735 2
11.749 -10.581 2
