10.1172 12.1118
11.692 11.094


10.1172 12.1118
8.54231 13.1295


8.54231 13.1295
7.476 13.506


8.54231 13.1295
9.60862 12.753


10.0687 13.6148
10.758 13.626


10.0687 13.6148
9.3795 13.6035


9.3795 13.6035
9.097 13.473


9.3795 13.6035
9.662 13.734


9.60862 12.753
10.0687 13.6148


9.60862 12.753
9.1485 11.8912


9.1485 11.8912
8.348 11.715


9.1485 11.8912
9.949 12.0675


9.949 12.0675
9.744 12.153


9.949 12.0675
10.154 11.982


10.2548 9.62535
10.1172 12.1118


10.2548 9.62535
10.3924 7.13895


8.63138 6.24225
7.965 6.003


8.63138 6.24225
9.29775 6.4815


9.29775 6.4815
9.729 6.321


9.29775 6.4815
8.8665 6.642


8.8665 6.642
8.942 6.498


8.8665 6.642
8.791 6.786


8.51369 7.24087
8.63138 6.24225


8.51369 7.24087
8.396 8.2395


8.396 8.2395
7.71 7.947


8.396 8.2395
9.082 8.532


9.3115 8.1795
9.393 8.181


9.3115 8.1795
9.23 8.178


9.65075 7.9995
9.3115 8.1795


9.65075 7.9995
9.99 7.8195


9.99 7.8195
9.977 7.704


9.99 7.8195
10.003 7.935


9.082 8.532
9.65075 7.9995


9.082 8.532
8.51325 9.0645


8.51325 9.0645
8.193 9.312


8.51325 9.0645
8.8335 8.817


8.8335 8.817
8.726 8.664


8.8335 8.817
8.941 8.97


10.3924 7.13895
8.51369 7.24087


10.3924 7.13895
12.2711 7.03702


12.3718 7.60125
12.715 7.626


12.3718 7.60125
12.0285 7.5765


12.0285 7.5765
11.842 7.788


12.0285 7.5765
12.215 7.365


12.1062 8.14819
12.3718 7.60125


12.1062 8.14819
11.8407 8.69513


11.8407 8.69513
12.421 8.994


11.8407 8.69513
11.2605 8.39625


11.2605 8.39625
11.207 8.139


11.2605 8.39625
11.314 8.6535


11.314 8.6535
11.044 8.67


11.314 8.6535
11.584 8.637


12.2711 7.03702
12.1062 8.14819


12.2711 7.03702
12.436 5.92584


12.436 5.92584
13.033 5.361


12.436 5.92584
11.8391 6.49069


11.8391 6.49069
11.281 6.678


11.8391 6.49069
12.3971 6.30338


12.3971 6.30338
12.808 6.687


12.3971 6.30338
11.9863 5.91975


11.9863 5.91975
11.83 5.631


11.9863 5.91975
12.1425 6.2085


12.1425 6.2085
12.057 6.222


12.1425 6.2085
12.228 6.195


10.368 1.88042
10.2548 9.62535


10.368 1.88042
10.4812 -5.86452


10.7823 1.60275
10.647 1.419


10.7823 1.60275
10.9175 1.7865


10.9175 1.7865
10.988 1.698


10.9175 1.7865
10.847 1.875


11.2261 1.74638
10.7823 1.60275


11.2261 1.74638
11.67 1.89


11.67 1.89
11.728 1.65


11.67 1.89
11.612 2.13


11.612 2.13
11.803 2.121


11.612 2.13
11.421 2.139


11.356 0.992391
11.2261 1.74638


11.356 0.992391
11.4859 0.238406


11.9728 0.02025
12.056 -0.192


11.9728 0.02025
11.8895 0.2325


11.8895 0.2325
11.919 0.369


11.8895 0.2325
11.86 0.096


11.4859 0.238406
11.9728 0.02025


11.4859 0.238406
10.9991 0.456563


11.3283 0.74775
11.632 0.855


11.3283 0.74775
11.0245 0.6405


11.0245 0.6405
10.898 0.597


11.0245 0.6405
11.151 0.684


10.9991 0.456563
11.3283 0.74775


10.9991 0.456563
10.6699 0.165375


10.9665 -0.087
10.79 -0.195


10.9665 -0.087
11.143 0.021


10.6699 0.165375
10.9665 -0.087


10.6699 0.165375
10.3732 0.41775


10.3732 0.41775
10.213 0.63


10.3732 0.41775
10.5335 0.2055


10.5335 0.2055
10.533 0.15


10.5335 0.2055
10.534 0.261


9.64482 2.18904
11.356 0.992391


9.64482 2.18904
7.93362 3.38569


7.93362 3.38569
6.038 3.165


7.93362 3.38569
9.82924 3.60638


11.176 3.9135
11.768 4.266


11.176 3.9135
10.5841 3.561


10.4079 3.288
10.374 3.489


10.4079 3.288
10.4417 3.087


10.4417 3.087
10.464 3


10.4417 3.087
10.4195 3.174


10.4195 3.174
10.436 3.201


10.4195 3.174
10.403 3.147


10.6779 3.1575
10.4079 3.288


10.6779 3.1575
10.948 3.027


10.948 3.027
10.803 2.799


10.948 3.027
11.093 3.255


10.5841 3.561
10.6779 3.1575


10.5841 3.561
10.4902 3.9645


10.4902 3.9645
10.758 3.816


10.4902 3.9645
10.2225 4.113


10.2225 4.113
10.134 3.816


10.2225 4.113
10.311 4.41


9.82924 3.60638
11.176 3.9135


9.82924 3.60638
8.48243 3.29927


7.8755 3.942
7.943 4.044


7.8755 3.942
7.808 3.84


8.21075 3.87375
7.8755 3.942


8.21075 3.87375
8.546 3.8055


8.546 3.8055
8.363 3.615


8.546 3.8055
8.729 3.996


8.18675 4.34925
8.21075 3.87375


8.18675 4.34925
8.16275 4.82475


7.6655 4.8285
7.697 4.527


7.6655 4.8285
7.634 5.13


8.16275 4.82475
7.6655 4.8285


8.16275 4.82475
8.66 4.821


8.66 4.821
8.436 5.127


8.66 4.821
8.884 4.515


8.48243 3.29927
8.18675 4.34925


8.48243 3.29927
8.77811 2.24929


8.696 1.647
8.806 1.575


8.696 1.647
8.586 1.719


9.2235 1.64025
8.696 1.647


9.2235 1.64025
9.751 1.6335


9.751 1.6335
9.87 1.974


9.751 1.6335
9.632 1.293


8.77811 2.24929
9.2235 1.64025


8.77811 2.24929
8.33272 2.85832


7.423 2.6145
7.249 3.03


7.423 2.6145
7.597 2.199


7.597 2.199
7.339 2.256


7.597 2.199
7.855 2.142


8.33272 2.85832
7.423 2.6145


8.33272 2.85832
9.24244 3.10214


9.24244 3.10214
9.533 3.459


9.24244 3.10214
8.95188 2.74528


8.95188 2.74528
9.259 2.487


8.95188 2.74528
8.64475 3.00356


8.9355 3.2385
8.939 3.333


8.9355 3.2385
8.932 3.144


8.64475 3.00356
8.9355 3.2385


8.64475 3.00356
8.354 2.76863


8.354 2.76863
8.186 2.643


8.354 2.76863
8.522 2.89425


8.522 2.89425
8.575 2.832


8.522 2.89425
8.469 2.9565


8.469 2.9565
8.469 2.958


8.469 2.9565
8.469 2.955


10.3507 -0.0199054
9.64482 2.18904


10.3507 -0.0199054
11.0566 -2.22885


14.4505 -2.6925
14.237 -2.301


14.4505 -2.6925
14.664 -3.084


13.5219 -2.36149
14.4505 -2.6925


13.5219 -2.36149
12.5934 -2.03048


12.6219 -1.28625
12.509 -0.882


12.6219 -1.28625
12.7348 -1.6905


13.0585 -1.779
12.995 -1.776


13.0585 -1.779
13.122 -1.782


12.7348 -1.6905
13.0585 -1.779


12.7348 -1.6905
12.411 -1.602


12.411 -1.602
12.559 -1.701


12.411 -1.602
12.263 -1.503


12.5934 -2.03048
12.6219 -1.28625


12.5934 -2.03048
12.5648 -2.77472


12.5648 -2.77472
12.901 -2.55


12.5648 -2.77472
12.2287 -2.99944


12.2287 -2.99944
12.218 -2.673


12.2287 -2.99944
12.2394 -3.32587


12.497 -3.4755
12.489 -3.447


12.497 -3.4755
12.505 -3.504


12.2394 -3.32587
12.497 -3.4755


12.2394 -3.32587
11.9817 -3.17625


11.9817 -3.17625
11.795 -3.171


11.9817 -3.17625
12.1685 -3.1815


12.1685 -3.1815
12.192 -3.054


12.1685 -3.1815
12.145 -3.309


11.0566 -2.22885
13.5219 -2.36149


11.0566 -2.22885
8.59134 -2.09621


10.6135 -0.86475
10.649 -0.987


10.6135 -0.86475
10.578 -0.7425


10.578 -0.7425
10.536 -0.777


10.578 -0.7425
10.62 -0.708


9.95503 -0.90525
10.6135 -0.86475


9.95503 -0.90525
9.29656 -0.94575


9.29656 -0.94575
9.088 -1.353


9.29656 -0.94575
9.50512 -0.5385


9.16475 -0.699
9.065 -0.888


9.16475 -0.699
9.2645 -0.51


9.2645 -0.51
9.137 -0.585


9.2645 -0.51
9.392 -0.435


9.50512 -0.5385
9.16475 -0.699


9.50512 -0.5385
9.8455 -0.378


9.8455 -0.378
9.722 -0.096


9.8455 -0.378
9.969 -0.66


8.87311 -0.840281
9.95503 -0.90525


8.87311 -0.840281
7.79119 -0.775313


7.96713 0.010875
8.057 -0.489


7.96713 0.010875
7.87725 0.51075


7.87725 0.51075
7.781 0.735


7.87725 0.51075
7.9735 0.2865


7.9735 0.2865
8.055 0.429


7.9735 0.2865
7.892 0.144


7.79119 -0.775313
7.96713 0.010875


7.79119 -0.775313
7.61525 -1.5615


7.925 -1.3425
7.933 -1.467


7.925 -1.3425
7.917 -1.218


8.138 -1.4265
7.925 -1.3425


8.138 -1.4265
8.351 -1.5105


8.351 -1.5105
8.381 -1.302


8.351 -1.5105
8.321 -1.719


7.61525 -1.5615
8.138 -1.4265


7.61525 -1.5615
7.0925 -1.6965


7.0925 -1.6965
6.936 -1.296


7.0925 -1.6965
7.249 -2.097


8.59134 -2.09621
8.87311 -0.840281


8.59134 -2.09621
8.30957 -3.35214


7.086 -3.8865
7.026 -3.825


7.086 -3.8865
7.146 -3.948


6.9695 -3.36075
7.086 -3.8865


6.9695 -3.36075
6.853 -2.835


6.853 -2.835
6.593 -2.619


6.853 -2.835
7.113 -3.051


8.30957 -3.35214
6.9695 -3.36075


8.30957 -3.35214
9.64964 -3.34354


8.2285 -4.104
7.984 -4.26


8.2285 -4.104
8.473 -3.948


8.61634 -3.72495
8.2285 -4.104


8.61634 -3.72495
9.00419 -3.34589


8.3885 -3.114
8.644 -3.21


8.3885 -3.114
8.133 -3.018


8.66287 -2.79712
8.3885 -3.114


8.66287 -2.79712
8.93725 -2.48025


8.93725 -2.48025
8.703 -2.625


8.93725 -2.48025
9.1715 -2.3355


9.1715 -2.3355
9.217 -2.517


9.1715 -2.3355
9.126 -2.154


9.00419 -3.34589
8.66287 -2.79712


9.00419 -3.34589
9.3455 -3.89466


9.341 -4.3935
9.601 -4.23


9.341 -4.3935
9.081 -4.557


9.3455 -3.89466
9.341 -4.3935


9.3455 -3.89466
9.35 -3.39581


9.43725 -3.0045
9.317 -2.91


9.43725 -3.0045
9.5575 -3.099


9.5575 -3.099
9.526 -3.033


9.5575 -3.099
9.589 -3.165


9.35 -3.39581
9.43725 -3.0045


9.35 -3.39581
9.26275 -3.78713


9.26275 -3.78713
9.174 -3.987


9.26275 -3.78713
9.3515 -3.58725


9.3515 -3.58725
9.378 -3.639


9.3515 -3.58725
9.325 -3.5355


9.325 -3.5355
9.337 -3.516


9.325 -3.5355
9.313 -3.555


9.64964 -3.34354
8.61634 -3.72495


9.64964 -3.34354
10.6829 -2.96213


10.3107 -3.516
10.54 -3.426


10.3107 -3.516
10.0815 -3.606


10.0815 -3.606
10.106 -3.465


10.0815 -3.606
10.057 -3.747


10.6275 -3.66338
10.3107 -3.516


10.6275 -3.66338
10.9443 -3.81075


10.9443 -3.81075
11.063 -3.561


10.9443 -3.81075
10.8255 -4.0605


10.8255 -4.0605
10.781 -4.053


10.8255 -4.0605
10.87 -4.068


10.6829 -2.96213
10.6275 -3.66338


10.6829 -2.96213
10.7384 -2.26088


10.3245 -2.6295
10.378 -2.658


10.3245 -2.6295
10.271 -2.601


10.7384 -2.26088
10.3245 -2.6295


10.7384 -2.26088
11.1522 -1.89225


11.1522 -1.89225
11.467 -1.917


11.1522 -1.89225
10.8375 -1.8675


10.8375 -1.8675
10.998 -1.71


10.8375 -1.8675
10.677 -2.025


10.4812 -5.86452
10.3507 -0.0199054


10.4812 -5.86452
10.6116 -11.7091


11.3053 -14.4698
9.733 -15.537


11.3053 -14.4698
12.8775 -13.4025


12.8775 -13.4025
13.172 -14.34


12.8775 -13.4025
12.583 -12.465


10.6116 -11.7091
11.3053 -14.4698


10.6116 -11.7091
9.91793 -8.94851


8.6745 -9.399
8.429 -9.339


8.6745 -9.399
8.92 -9.459


8.68225 -9.093
8.6745 -9.399


8.68225 -9.093
8.69 -8.787


8.69 -8.787
8.938 -8.859


8.69 -8.787
8.442 -8.715


9.53769 -9.87694
8.68225 -9.093


9.53769 -9.87694
10.3931 -10.6609


10.3931 -10.6609
9.599 -10.974


10.3931 -10.6609
11.1873 -10.3477


11.1873 -10.3477
11.749 -10.581


11.1873 -10.3477
10.6255 -10.1145


10.6255 -10.1145
10.393 -10.473


10.6255 -10.1145
10.858 -9.756


8.11984 -10.4858
9.53769 -9.87694


8.11984 -10.4858
6.702 -11.0948


6.702 -11.0948
7.404 -12.537


6.702 -11.0948
6 -9.6525


6 -9.6525
5.85 -8.958


6 -9.6525
6.15 -10.347


9.91793 -8.94851
8.11984 -10.4858


9.91793 -8.94851
11.716 -7.41117


11.716 -7.41117
13.804 -8.076


11.716 -7.41117
9.62802 -6.74634


7.172 -6.609
7.441 -7.326


7.172 -6.609
6.903 -5.892


8.03741 -6.41597
7.172 -6.609


8.03741 -6.41597
8.90281 -6.22294


9.09 -5.44125
9.166 -5.175


9.09 -5.44125
9.014 -5.7075


9.014 -5.7075
9.133 -5.811


9.014 -5.7075
8.895 -5.604


8.7175 -5.38762
9.09 -5.44125


8.7175 -5.38762
8.345 -5.334


8.345 -5.334
8.453 -4.971


8.345 -5.334
8.237 -5.697


8.90281 -6.22294
8.7175 -5.38762


8.90281 -6.22294
9.08812 -7.05825


8.562 -7.1445
8.58 -6.951


8.562 -7.1445
8.544 -7.338


9.08812 -7.05825
8.562 -7.1445


9.08812 -7.05825
9.61425 -6.972


9.61425 -6.972
9.774 -7.233


9.61425 -6.972
9.4545 -6.711


9.4545 -6.711
9.335 -6.582


9.4545 -6.711
9.574 -6.84


9.62802 -6.74634
8.03741 -6.41597


9.62802 -6.74634
11.2186 -7.07672


10.7415 -8.811
10.787 -9.054


10.7415 -8.811
10.696 -8.568


11.0245 -8.27625
10.7415 -8.811


11.0245 -8.27625
11.3075 -7.7415


11.3075 -7.7415
10.902 -7.827


11.3075 -7.7415
11.713 -7.656


11.713 -7.656
11.824 -7.824


11.713 -7.656
11.602 -7.488


11.2186 -7.07672
11.0245 -8.27625


11.2186 -7.07672
11.4127 -5.87719


10.55 -5.69025
10.578 -5.409


10.55 -5.69025
10.522 -5.9715


10.522 -5.9715
10.401 -5.925


10.522 -5.9715
10.643 -6.018


10.6998 -6.25913
10.55 -5.69025


10.6998 -6.25913
10.8496 -6.828


10.427 -6.9885
10.623 -7.095


10.427 -6.9885
10.231 -6.882


10.8496 -6.828
10.427 -6.9885


10.8496 -6.828
11.2722 -6.6675


11.2722 -6.6675
11.489 -6.945


11.2722 -6.6675
11.0555 -6.39


11.0555 -6.39
11.24 -6.231


11.0555 -6.39
10.871 -6.549


10.871 -6.549
10.933 -6.627


10.871 -6.549
10.809 -6.471


11.4127 -5.87719
10.6998 -6.25913


11.4127 -5.87719
12.1257 -5.49525


12.6495 -5.907
12.684 -5.877


12.6495 -5.907
12.615 -5.937


12.3012 -6.09375
12.6495 -5.907


12.3012 -6.09375
11.953 -6.2805


11.953 -6.2805
12.054 -6.42


11.953 -6.2805
11.852 -6.141


12.1257 -5.49525
12.3012 -6.09375


12.1257 -5.49525
11.9501 -4.89675


11.9501 -4.89675
12.313 -4.893


11.9501 -4.89675
11.5873 -4.9005


11.5873 -4.9005
11.776 -4.731


11.5873 -4.9005
11.3985 -5.07


11.3985 -5.07
11.236 -4.908


11.3985 -5.07
11.561 -5.232


11.561 -5.232
11.539 -5.274


11.561 -5.232
11.583 -5.19


1.94266 -3.0782
10.368 1.88042


1.94266 -3.0782
-6.48264 -8.03681


5.9535 -0.339
5.518 -0.492


5.9535 -0.339
6.389 -0.186


5.00687 -1.1645
5.9535 -0.339


5.00687 -1.1645
4.06025 -1.99


4.06025 -1.99
3.878 -2.637


4.06025 -1.99
4.2425 -1.343


4.2425 -1.343
4.418 -1.343


4.2425 -1.343
4.067 -1.343


1.75818 -0.954867
5.00687 -1.1645


1.75818 -0.954867
-1.49051 -0.745234


-5.08875 -1.05137
-4.409 -1.256


-5.08875 -1.05137
-5.7685 -0.84675


-5.7685 -0.84675
-5.471 -0.735


-5.7685 -0.84675
-6.066 -0.9585


-6.066 -0.9585
-6.149 -1.077


-6.066 -0.9585
-5.983 -0.84


-3.87523 -1.70548
-5.08875 -1.05137


-3.87523 -1.70548
-2.66172 -2.35959


-2.49575 -3.238
-1.984 -3.347


-2.49575 -3.238
-3.0075 -3.129


-3.0075 -3.129
-3.35 -3.166


-3.0075 -3.129
-2.665 -3.092


-2.66172 -2.35959
-2.49575 -3.238


-2.66172 -2.35959
-2.82769 -1.48119


-2.62075 -2.04738
-2.263 -2.225


-2.62075 -2.04738
-2.9785 -1.86975


-2.9785 -1.86975
-3.091 -1.674


-2.9785 -1.86975
-2.866 -2.0655


-2.866 -2.0655
-2.975 -2.008


-2.866 -2.0655
-2.757 -2.123


-2.82769 -1.48119
-2.62075 -2.04738


-2.82769 -1.48119
-3.03463 -0.915


-3.03463 -0.915
-3.481 -0.683


-3.03463 -0.915
-2.58825 -1.147


-2.436 -1.3645
-2.482 -1.5


-2.436 -1.3645
-2.39 -1.229


-2.58825 -1.147
-2.436 -1.3645


-2.58825 -1.147
-2.7405 -0.9295


-2.7405 -0.9295
-2.701 -1.093


-2.7405 -0.9295
-2.78 -0.766


-2.78 -0.766
-2.691 -0.801


-2.78 -0.766
-2.869 -0.731


-1.49051 -0.745234
-3.87523 -1.70548


-1.49051 -0.745234
0.894214 0.215016


2.331 -1.5675
2.411 -1.569


2.331 -1.5675
2.251 -1.566


2.39956 -1.22841
2.331 -1.5675


2.39956 -1.22841
2.46812 -0.889312


2.46812 -0.889312
2.695 -0.784


2.46812 -0.889312
2.24125 -0.994625


2.24125 -0.994625
2.086 -0.897


2.24125 -0.994625
2.3965 -1.09225


2.3965 -1.09225
2.525 -1.03


2.3965 -1.09225
2.268 -1.1545


2.268 -1.1545
2.22 -1.11


2.268 -1.1545
2.316 -1.199


2.72766 -1.36227
2.39956 -1.22841


2.72766 -1.36227
3.05575 -1.49613


3.05575 -1.49613
3.151 -1.161


3.05575 -1.49613
2.9605 -1.83125


2.9605 -1.83125
3.143 -1.881


2.9605 -1.83125
2.778 -1.7815


2.778 -1.7815
2.714 -1.675


2.778 -1.7815
2.842 -1.888


2.7697 -0.658391
2.72766 -1.36227


2.7697 -0.658391
2.81175 0.0454844


2.26325 -0.128281
2.183 0.122


2.26325 -0.128281
2.3435 -0.378563


2.3435 -0.378563
2.156 -0.446


2.3435 -0.378563
2.531 -0.311125


2.531 -0.311125
2.658 -0.304


2.531 -0.311125
2.404 -0.31825


2.342 -0.248
2.344 -0.218


2.342 -0.248
2.34 -0.278


2.404 -0.31825
2.342 -0.248


2.404 -0.31825
2.466 -0.3885


2.466 -0.3885
2.444 -0.436


2.466 -0.3885
2.488 -0.341


2.81175 0.0454844
2.26325 -0.128281


2.81175 0.0454844
3.36025 0.21925


3.36025 0.21925
3.713 0.308


3.36025 0.21925
3.0075 0.1305


3.0075 0.1305
3.155 0.125


3.0075 0.1305
2.86 0.136


2.03957 -0.273672
2.7697 -0.658391


2.03957 -0.273672
1.30944 0.111047


0.77475 0.09125
0.837 0.116


0.77475 0.09125
0.7125 0.0665


0.7125 0.0665
0.733 0.057


0.7125 0.0665
0.692 0.076


0.657125 -0.120813
0.77475 0.09125


0.657125 -0.120813
0.5395 -0.332875


0.56675 -0.17775
0.63 -0.146


0.56675 -0.17775
0.5035 -0.2095


0.5035 -0.2095
0.526 -0.214


0.5035 -0.2095
0.481 -0.205


0.5395 -0.332875
0.56675 -0.17775


0.5395 -0.332875
0.51225 -0.488


0.51225 -0.488
0.42 -0.529


0.51225 -0.488
0.6045 -0.447


0.6045 -0.447
0.617 -0.475


0.6045 -0.447
0.592 -0.419


0.827875 -0.401406
0.657125 -0.120813


0.827875 -0.401406
0.998625 -0.682


1.15075 -0.40525
0.943 -0.381


1.15075 -0.40525
1.3585 -0.4295


1.3585 -0.4295
1.237 -0.413


1.3585 -0.4295
1.48 -0.446


0.998625 -0.682
1.15075 -0.40525


0.998625 -0.682
0.8465 -0.95875


0.8465 -0.95875
0.581 -0.96


0.8465 -0.95875
1.112 -0.9575


1.112 -0.9575
1.079 -0.96


1.112 -0.9575
1.145 -0.955


1.30944 0.111047
0.827875 -0.401406


1.30944 0.111047
1.791 0.6235


1.493 0.23075
1.482 0.051


1.493 0.23075
1.504 0.4105


1.504 0.4105
1.481 0.528


1.504 0.4105
1.527 0.293


1.791 0.6235
1.493 0.23075


1.791 0.6235
2.089 1.01625


2.513 0.906
2.632 0.871


2.513 0.906
2.394 0.941


2.089 1.01625
2.513 0.906


2.089 1.01625
1.665 1.1265


1.665 1.1265
1.375 1.133


1.665 1.1265
1.955 1.12


1.955 1.12
2.037 0.984


1.955 1.12
1.873 1.256


1.33784 -1.44521
2.03957 -0.273672


1.33784 -1.44521
0.636105 -2.61675


2.182 -2.7755
2.228 -2.724


2.182 -2.7755
2.136 -2.827


2.07756 -2.51206
2.182 -2.7755


2.07756 -2.51206
1.97313 -2.24862


1.847 -2.305
1.83 -2.243


1.847 -2.305
1.864 -2.367


1.97313 -2.24862
1.847 -2.305


1.97313 -2.24862
2.09925 -2.19225


2.09925 -2.19225
2.069 -2.247


2.09925 -2.19225
2.1295 -2.1375


2.1295 -2.1375
2.092 -2.097


2.1295 -2.1375
2.167 -2.178


1.53003 -2.38978
2.07756 -2.51206


1.53003 -2.38978
0.9825 -2.2675


0.9335 -1.8015
1.158 -1.698


0.9335 -1.8015
0.709 -1.905


0.9825 -2.2675
0.9335 -1.8015


0.9825 -2.2675
1.0315 -2.7335


1.0315 -2.7335
1.076 -2.438


1.0315 -2.7335
0.987 -3.029


0.987 -3.029
0.982 -2.835


0.987 -3.029
0.992 -3.223


0.636105 -2.61675
1.53003 -2.38978


0.636105 -2.61675
-0.25782 -2.84373


0.0775 -3.201
0.007 -3.037


0.0775 -3.201
0.148 -3.365


0.130984 -3.49967
0.0775 -3.201


0.130984 -3.49967
0.184469 -3.79834


-0.136063 -3.82219
-0.306 -3.802


-0.136063 -3.82219
0.033875 -3.84238


0.033875 -3.84238
0.063 -3.997


0.033875 -3.84238
0.00475 -3.68775


0.00475 -3.68775
-0.045 -3.669


0.00475 -3.68775
0.0545 -3.7065


0.0545 -3.7065
0.026 -3.734


0.0545 -3.7065
0.083 -3.679


0.184469 -3.79834
-0.136063 -3.82219


0.184469 -3.79834
0.505 -3.7745


0.505 -3.7745
0.468 -4.045


0.505 -3.7745
0.542 -3.504


-0.25782 -2.84373
0.130984 -3.49967


-0.25782 -2.84373
-0.646625 -2.18778


-0.404 -1.631
-0.48 -1.418


-0.404 -1.631
-0.328 -1.844


-0.328 -1.844
-0.461 -1.944


-0.328 -1.844
-0.195 -1.744


-0.2625 -1.96781
-0.404 -1.631


-0.2625 -1.96781
-0.121 -2.30462


-0.3665 -2.356
-0.288 -2.477


-0.3665 -2.356
-0.445 -2.235


-0.445 -2.235
-0.434 -2.228


-0.445 -2.235
-0.456 -2.242


-0.121 -2.30462
-0.3665 -2.356


-0.121 -2.30462
0.1245 -2.25325


0.078 -2.069
0.124 -1.954


0.078 -2.069
0.032 -2.184


0.032 -2.184
0.081 -2.202


0.032 -2.184
-0.017 -2.166


0.1245 -2.25325
0.078 -2.069


0.1245 -2.25325
0.171 -2.4375


0.171 -2.4375
0.014 -2.508


0.171 -2.4375
0.328 -2.367


-0.646625 -2.18778
-0.2625 -1.96781


-0.646625 -2.18778
-1.03075 -2.40775


-1.2265 -2.104
-1.39 -2.065


-1.2265 -2.104
-1.063 -2.143


-1.03075 -2.40775
-1.2265 -2.104


-1.03075 -2.40775
-0.835 -2.7115


-0.835 -2.7115
-1.024 -2.775


-0.835 -2.7115
-0.646 -2.648


0.894214 0.215016
1.33784 -1.44521


0.894214 0.215016
0.45059 1.87524


1.65275 2.12087
1.328 1.997


1.65275 2.12087
1.9775 2.24475


2.0945 1.916
2.109 1.827


2.0945 1.916
2.08 2.005


1.9775 2.24475
2.0945 1.916


1.9775 2.24475
1.8605 2.5735


1.8605 2.5735
2.06 2.531


1.8605 2.5735
1.661 2.616


1.44053 2.90081
1.65275 2.12087


1.44053 2.90081
1.22831 3.68075


1.22831 3.68075
1.461 4.217


1.22831 3.68075
0.995625 3.1445


0.995625 3.1445
0.721 3.305


0.995625 3.1445
1.27025 2.984


1.27025 2.984
1.137 2.807


1.27025 2.984
1.4035 3.161


1.4035 3.161
1.454 3.09


1.4035 3.161
1.353 3.232


2.2237 2.65428
1.44053 2.90081


2.2237 2.65428
3.00687 2.40775


3.00687 2.40775
2.933 3.067


3.00687 2.40775
3.08075 1.7485


3.08075 1.7485
2.881 2.128


3.08075 1.7485
3.2805 1.369


3.2805 1.369
3.102 1.306


3.2805 1.369
3.459 1.432


0.45059 1.87524
2.2237 2.65428


0.45059 1.87524
-1.32252 1.09621


-0.58525 -0.49675
-0.571 -0.351


-0.58525 -0.49675
-0.5995 -0.6425


-0.5995 -0.6425
-0.583 -0.569


-0.5995 -0.6425
-0.616 -0.716


-0.388625 -0.741625
-0.58525 -0.49675


-0.388625 -0.741625
-0.192 -0.9865


-0.058 -1.0615
-0.108 -1.006


-0.058 -1.0615
-0.008 -1.117


-0.192 -0.9865
-0.058 -1.0615


-0.192 -0.9865
-0.326 -0.9115


-0.326 -0.9115
-0.262 -0.987


-0.326 -0.9115
-0.39 -0.836


-0.886188 -0.843219
-0.388625 -0.741625


-0.886188 -0.843219
-1.38375 -0.944813


-1.3235 -0.3115
-1.472 -0.256


-1.3235 -0.3115
-1.175 -0.367


-1.37663 -0.537625
-1.3235 -0.3115


-1.37663 -0.537625
-1.42975 -0.76375


-1.42975 -0.76375
-1.658 -0.767


-1.42975 -0.76375
-1.2015 -0.7605


-1.2015 -0.7605
-1.298 -0.82


-1.2015 -0.7605
-1.105 -0.701


-1.38375 -0.944813
-1.37663 -0.537625


-1.38375 -0.944813
-1.39087 -1.352


-1.39087 -1.352
-1.061 -1.209


-1.39087 -1.352
-1.72075 -1.495


-1.72075 -1.495
-1.764 -1.77


-1.72075 -1.495
-1.6775 -1.22


-1.6775 -1.22
-1.77 -1.215


-1.6775 -1.22
-1.585 -1.225


-1.62466 -0.0562559
-0.886188 -0.843219


-1.62466 -0.0562559
-2.36313 0.730707


-3.03675 0.70675
-2.715 0.616


-3.03675 0.70675
-3.3585 0.7975


-3.3585 0.7975
-3.328 0.5


-3.3585 0.7975
-3.389 1.095


-2.36313 0.730707
-3.03675 0.70675


-2.36313 0.730707
-1.68951 0.754664


-1.26125 1.26325
-1.16 1.355


-1.26125 1.26325
-1.3625 1.1715


-1.3625 1.1715
-1.324 1.075


-1.3625 1.1715
-1.401 1.268


-1.63586 1.29552
-1.26125 1.26325


-1.63586 1.29552
-2.01047 1.32778


-2.01047 1.32778
-1.963 1.66


-2.01047 1.32778
-2.05794 0.995563


-2.05794 0.995563
-2.191 0.832


-2.05794 0.995563
-1.92488 1.15912


-1.856 1.007
-1.852 0.893


-1.856 1.007
-1.86 1.121


-1.92488 1.15912
-1.856 1.007


-1.92488 1.15912
-1.99375 1.31125


-1.99375 1.31125
-1.883 1.371


-1.99375 1.31125
-2.1045 1.2515


-1.68951 0.754664
-1.63586 1.29552


-1.68951 0.754664
-1.74316 0.213813


-1.53025 0.4185
-1.548 0.566


-1.53025 0.4185
-1.5125 0.271


-1.5125 0.271
-1.5 0.353


-1.5125 0.271
-1.525 0.189


-1.28556 0.339625
-1.53025 0.4185


-1.28556 0.339625
-1.04087 0.26075


-0.9655 0.4035
-0.898 0.399


-0.9655 0.4035
-1.033 0.408


-1.04087 0.26075
-0.9655 0.4035


-1.04087 0.26075
-1.11625 0.118


-1.11625 0.118
-0.981 0.072


-1.11625 0.118
-1.2515 0.164


-1.2515 0.164
-1.279 0.041


-1.2515 0.164
-1.224 0.287


-1.74316 0.213813
-1.28556 0.339625


-1.74316 0.213813
-2.20075 0.088


-1.964 0.1315
-1.904 0.204


-1.964 0.1315
-2.024 0.059


-2.20075 0.088
-1.964 0.1315


-2.20075 0.088
-2.4375 0.0445


-2.4375 0.0445
-2.356 0.219


-2.4375 0.0445
-2.519 -0.13


-1.32252 1.09621
-1.62466 -0.0562559


-1.32252 1.09621
-1.02039 2.24867


-0.000578125 2.08477
0.237 2.562


-0.000578125 2.08477
-0.238156 1.60753


-0.49375 1.39775
-0.556 1.534


-0.49375 1.39775
-0.4315 1.2615


-0.4315 1.2615
-0.545 1.205


-0.4315 1.2615
-0.318 1.318


-0.238156 1.60753
-0.49375 1.39775


-0.238156 1.60753
0.0174375 1.81731


0.1735 1.622
0.315 1.708


0.1735 1.622
0.032 1.536


0.0174375 1.81731
0.1735 1.622


0.0174375 1.81731
-0.138625 2.01262


-0.02075 2.16175
-0.061 2.277


-0.02075 2.16175
0.0195 2.0465


0.0195 2.0465
0.083 2.081


0.0195 2.0465
-0.044 2.012


-0.138625 2.01262
-0.02075 2.16175


-0.138625 2.01262
-0.2565 1.8635


-0.2565 1.8635
-0.394 1.908


-0.2565 1.8635
-0.119 1.819


-0.119 1.819
-0.078 1.872


-0.119 1.819
-0.16 1.766


-0.16 1.766
-0.13 1.721


-0.16 1.766
-0.19 1.811


0.0797734 1.35851
-0.000578125 2.08477


0.0797734 1.35851
0.160125 0.63225


-0.263 0.212
-0.444 0.268


-0.263 0.212
-0.082 0.156


-0.082 0.156
-0.176 0.137


-0.082 0.156
0.012 0.175


-0.318875 0.44975
-0.263 0.212


-0.318875 0.44975
-0.37475 0.6875


-0.1815 0.604
-0.078 0.595


-0.1815 0.604
-0.285 0.613


-0.37475 0.6875
-0.1815 0.604


-0.37475 0.6875
-0.568 0.771


-0.568 0.771
-0.615 0.913


-0.568 0.771
-0.521 0.629


0.160125 0.63225
-0.318875 0.44975


0.160125 0.63225
0.639125 0.81475


0.61425 1.0765
0.587 0.964


0.61425 1.0765
0.6415 1.189


0.6415 1.189
0.719 1.174


0.6415 1.189
0.564 1.204


0.639125 0.81475
0.61425 1.0765


0.639125 0.81475
0.664 0.553


0.664 0.553
0.506 0.509


0.664 0.553
0.822 0.597


-1.02039 2.24867
0.0797734 1.35851


-1.02039 2.24867
-2.12055 3.13883


-2.773 3.375
-3.037 3.054


-2.773 3.375
-2.509 3.696


-2.12055 3.13883
-2.773 3.375


-2.12055 3.13883
-1.4681 2.90266


-1.02825 3.38725
-1.261 3.293


-1.02825 3.38725
-0.7955 3.4815


-0.7955 3.4815
-0.763 3.28


-0.7955 3.4815
-0.828 3.683


-0.828 3.683
-0.895 3.746


-0.828 3.683
-0.761 3.62


-1.4681 2.90266
-1.02825 3.38725


-1.4681 2.90266
-1.90795 2.41808


-2.397 2.2805
-2.366 2.614


-2.397 2.2805
-2.428 1.947


-2.428 1.947
-2.227 2.05


-2.428 1.947
-2.629 1.844


-1.90795 2.41808
-2.397 2.2805


-1.90795 2.41808
-1.41891 2.55566


-1.65325 2.879
-1.504 2.753


-1.65325 2.879
-1.8025 3.005


-1.8025 3.005
-1.69 2.988


-1.8025 3.005
-1.915 3.022


-1.41891 2.55566
-1.65325 2.879


-1.41891 2.55566
-1.18456 2.23231


-1.701 2.041
-1.605 1.992


-1.701 2.041
-1.797 2.09


-1.52487 2.19313
-1.701 2.041


-1.52487 2.19313
-1.34875 2.34525


-1.34875 2.34525
-1.287 2.493


-1.34875 2.34525
-1.4105 2.1975


-1.4105 2.1975
-1.453 2.3


-1.4105 2.1975
-1.368 2.095


-1.18456 2.23231
-1.52487 2.19313


-1.18456 2.23231
-0.84425 2.2715


-0.84425 2.2715
-0.673 2.392


-0.84425 2.2715
-1.0155 2.151


-1.0155 2.151
-1.03 2.274


-1.0155 2.151
-1.001 2.028


-1.001 2.028
-0.882 2.05


-1.001 2.028
-1.12 2.006


-1.12 2.006
-1.065 1.986


-1.12 2.006
-1.175 2.026


-3.3427 0.830245
1.75818 -0.954867


-3.3427 0.830245
-8.44359 2.61536


-4.86019 5.54738
-4.263 6.663


-4.86019 5.54738
-5.45737 4.43175


-5.45737 4.43175
-4.662 4.773


-5.45737 4.43175
-6.25275 4.0905


-6.25275 4.0905
-5.919 4.341


-6.25275 4.0905
-6.5865 3.84


-6.5865 3.84
-6.289 3.627


-6.5865 3.84
-6.884 4.053


-7.52723 7.36642
-4.86019 5.54738


-7.52723 7.36642
-10.1943 9.18547


-12.4563 7.37934
-12.509 8.745


-12.4563 7.37934
-12.4037 6.01369


-12.4037 6.01369
-12.912 5.445


-12.4037 6.01369
-11.8954 6.58237


-12.2375 7.131
-12.486 7.038


-12.2375 7.131
-11.989 7.224


-11.8954 6.58237
-12.2375 7.131


-11.8954 6.58237
-11.5532 6.03375


-11.5532 6.03375
-11.827 5.631


-11.5532 6.03375
-11.2795 6.4365


-11.2795 6.4365
-11.287 6.585


-11.2795 6.4365
-11.272 6.288


-10.6858 7.16332
-12.4563 7.37934


-10.6858 7.16332
-8.91523 6.9473


-9.67377 8.20172
-9.421 8.925


-9.67377 8.20172
-9.92653 7.47844


-8.952 6.81075
-9.322 6.789


-8.952 6.81075
-8.582 6.8325


-8.582 6.8325
-8.618 6.846


-8.582 6.8325
-8.546 6.819


-9.15344 7.32488
-8.952 6.81075


-9.15344 7.32488
-9.35487 7.839


-9.35487 7.839
-9.787 7.869


-9.35487 7.839
-8.92275 7.809


-8.92275 7.809
-9.002 7.941


-8.92275 7.809
-8.8435 7.677


-8.8435 7.677
-8.888 7.692


-8.8435 7.677
-8.799 7.662


-9.92653 7.47844
-9.15344 7.32488


-9.92653 7.47844
-10.6996 7.632


-10.6996 7.632
-11.093 8.226


-10.6996 7.632
-10.3063 7.038


-10.1175 7.2315
-10.189 7.32


-10.1175 7.2315
-10.046 7.143


-10.3063 7.038
-10.1175 7.2315


-10.3063 7.038
-10.495 6.8445


-10.495 6.8445
-10.67 6.915


-10.495 6.8445
-10.32 6.774


-8.91523 6.9473
-9.67377 8.20172


-8.91523 6.9473
-8.15669 5.69288


-8.5105 4.932
-8.212 5.202


-8.5105 4.932
-8.809 4.662


-8.809 4.662
-9.089 4.629


-8.809 4.662
-8.529 4.695


-9.04713 5.33025
-8.5105 4.932


-9.04713 5.33025
-9.58375 5.7285


-9.983 5.967
-9.973 5.946


-9.983 5.967
-9.993 5.988


-9.58375 5.7285
-9.983 5.967


-9.58375 5.7285
-9.1845 5.49


-9.1845 5.49
-9.373 5.385


-9.1845 5.49
-8.996 5.595


-8.15669 5.69288
-9.04713 5.33025


-8.15669 5.69288
-7.26625 6.0555


-7.525 6.7695
-7.394 6.831


-7.525 6.7695
-7.656 6.708


-7.26625 6.0555
-7.525 6.7695


-7.26625 6.0555
-7.0075 5.3415


-7.0075 5.3415
-7.313 4.968


-7.0075 5.3415
-6.702 5.715


-10.1943 9.18547
-10.6858 7.16332


-10.1943 9.18547
-9.70275 11.2076


-9.70275 11.2076
-7.68 11.643


-9.70275 11.2076
-11.7255 10.7722


-11.7255 10.7722
-12.911 11.049


-11.7255 10.7722
-10.54 10.4955


-10.54 10.4955
-10.292 10.314


-10.54 10.4955
-10.788 10.677


-10.788 10.677
-10.877 10.437


-10.788 10.677
-10.699 10.917


-8.44359 2.61536
-7.52723 7.36642


-8.44359 2.61536
-9.35995 -2.13571


-12.4524 -0.22575
-12.786 0.198


-12.4524 -0.22575
-12.1187 -0.6495


-12.443 -0.471
-12.474 -0.6


-12.443 -0.471
-12.412 -0.342


-12.1187 -0.6495
-12.443 -0.471


-12.1187 -0.6495
-11.7945 -0.828


-11.7945 -0.828
-11.907 -0.66


-11.7945 -0.828
-11.682 -0.996


-12.8109 -0.788625
-12.4524 -0.22575


-12.8109 -0.788625
-13.1695 -1.3515


-13.1695 -1.3515
-12.981 -1.884


-13.1695 -1.3515
-13.358 -0.819


-11.9557 -0.533203
-12.8109 -0.788625


-11.9557 -0.533203
-11.1005 -0.277781


-11.5663 0.4155
-11.437 0.594


-11.5663 0.4155
-11.6955 0.237


-11.6955 0.237
-11.591 0.228


-11.6955 0.237
-11.8 0.246


-11.1024 0.558
-11.5663 0.4155


-11.1024 0.558
-10.6385 0.7005


-10.6385 0.7005
-10.803 0.921


-10.6385 0.7005
-10.474 0.48


-11.1005 -0.277781
-11.1024 0.558


-11.1005 -0.277781
-11.0987 -1.11356


-11.424 -1.6875
-11.496 -1.707


-11.424 -1.6875
-11.352 -1.668


-11.0987 -1.11356
-11.424 -1.6875


-11.0987 -1.11356
-10.7734 -0.539625


-10.7734 -0.539625
-10.827 -0.138


-10.7734 -0.539625
-10.7198 -0.94125


-10.7198 -0.94125
-10.819 -1.143


-10.7198 -0.94125
-10.6205 -0.7395


-10.6205 -0.7395
-10.604 -0.741


-10.6205 -0.7395
-10.637 -0.738


-12.5372 0.63832
-11.9557 -0.533203


-12.5372 0.63832
-13.1187 1.80984


-13.8795 1.5645
-13.547 1.299


-13.8795 1.5645
-14.212 1.83


-13.1187 1.80984
-13.8795 1.5645


-13.1187 1.80984
-12.3578 2.05519


-12.3578 2.05519
-12.783 2.493


-12.3578 2.05519
-11.9326 1.61738


-11.9326 1.61738
-11.845 1.38


-11.9326 1.61738
-12.0203 1.85475


-12.0203 1.85475
-12.227 1.785


-12.0203 1.85475
-11.8135 1.9245


-11.8135 1.9245
-11.711 1.884


-11.8135 1.9245
-11.916 1.965


-10.4956 1.29771
-12.5372 0.63832


-10.4956 1.29771
-8.45396 1.9571


-7.8235 2.9385
-7.909 2.778


-7.8235 2.9385
-7.738 3.099


-8.079 3.018
-7.8235 2.9385


-8.079 3.018
-8.3345 3.0975


-8.3345 3.0975
-8.22 3.279


-8.3345 3.0975
-8.449 2.916


-9.18045 3.25093
-8.079 3.018


-9.18045 3.25093
-10.2819 3.48387


-10.3837 4.2915
-10.296 4.677


-10.3837 4.2915
-10.4715 3.906


-10.4715 3.906
-10.783 3.816


-10.4715 3.906
-10.16 3.996


-10.2819 3.48387
-10.3837 4.2915


-10.2819 3.48387
-10.1801 2.67623


-10.9905 2.0985
-10.949 2.331


-10.9905 2.0985
-11.032 1.866


-10.8108 2.43788
-10.9905 2.0985


-10.8108 2.43788
-10.631 2.77725


-10.631 2.77725
-10.997 2.868


-10.631 2.77725
-10.265 2.6865


-10.265 2.6865
-10.207 2.757


-10.265 2.6865
-10.323 2.616


-10.1801 2.67623
-10.8108 2.43788


-10.1801 2.67623
-9.54936 2.91459


-9.33925 3.62475
-9.389 3.915


-9.33925 3.62475
-9.2895 3.3345


-9.2895 3.3345
-9.249 3.159


-9.2895 3.3345
-9.33 3.51


-9.54936 2.91459
-9.33925 3.62475


-9.54936 2.91459
-9.75947 2.20444


-9.75947 2.20444
-10.087 1.866


-9.75947 2.20444
-9.43194 2.54287


-9.16025 2.3835
-9.119 2.325


-9.16025 2.3835
-9.2015 2.442


-9.2015 2.442
-9.222 2.418


-9.2015 2.442
-9.181 2.466


-9.43194 2.54287
-9.16025 2.3835


-9.43194 2.54287
-9.70363 2.70225


-9.70363 2.70225
-9.772 2.928


-9.70363 2.70225
-9.63525 2.4765


-9.71 2.3175
-9.727 2.358


-9.71 2.3175
-9.693 2.277


-9.63525 2.4765
-9.71 2.3175


-9.63525 2.4765
-9.5605 2.6355


-9.5605 2.6355
-9.64 2.646


-9.5605 2.6355
-9.481 2.625


-8.45396 1.9571
-9.18045 3.25093


-8.45396 1.9571
-7.72747 0.663273


-8.7925 1.275
-8.913 1.395


-8.7925 1.275
-8.672 1.155


-8.2385 1.27838
-8.7925 1.275


-8.2385 1.27838
-7.6845 1.28175


-7.6845 1.28175
-7.484 1.449


-7.6845 1.28175
-7.885 1.1145


-7.885 1.1145
-7.944 1.032


-7.885 1.1145
-7.826 1.197


-8.59763 0.636234
-8.2385 1.27838


-8.59763 0.636234
-8.95675 -0.00590625


-9.6185 0.477
-9.669 0.486


-9.6185 0.477
-9.568 0.468


-9.55888 0.24675
-9.6185 0.477


-9.55888 0.24675
-9.49925 0.0165


-9.49925 0.0165
-9.542 -0.084


-9.49925 0.0165
-9.4565 0.117


-9.4565 0.117
-9.479 0.084


-9.4565 0.117
-9.434 0.15


-8.95675 -0.00590625
-9.55888 0.24675


-8.95675 -0.00590625
-8.35463 -0.258563


-8.35463 -0.258563
-8.253 -0.849


-8.35463 -0.258563
-8.45625 0.331875


-8.658 0.519
-8.547 0.423


-8.658 0.519
-8.769 0.615


-8.45625 0.331875
-8.658 0.519


-8.45625 0.331875
-8.2545 0.14475


-8.2545 0.14475
-8.148 0.315


-8.2545 0.14475
-8.361 -0.0255


-8.361 -0.0255
-8.289 -0.006


-8.361 -0.0255
-8.433 -0.045


-7.72747 0.663273
-8.59763 0.636234


-7.72747 0.663273
-6.85731 0.690312


-7.2555 0.0075
-7.044 -0.168


-7.2555 0.0075
-7.467 0.183


-6.85731 0.690312
-7.2555 0.0075


-6.85731 0.690312
-6.45913 1.37312


-6.509 1.79825
-6.392 1.623


-6.509 1.79825
-6.626 1.9735


-6.626 1.9735
-6.615 2.06


-6.626 1.9735
-6.637 1.887


-6.45913 1.37312
-6.509 1.79825


-6.45913 1.37312
-6.40925 0.948


-6.40925 0.948
-5.948 0.954


-6.40925 0.948
-6.8705 0.942


-6.8705 0.942
-6.76 0.867


-6.8705 0.942
-6.981 1.017


-9.35995 -2.13571
-10.4956 1.29771


-9.35995 -2.13571
-8.22432 -5.56913


-8.22432 -5.56913
-6.714 -7.125


-8.22432 -5.56913
-9.73464 -4.01326


-9.305 -1.2495
-9.31 -1.077


-9.305 -1.2495
-9.3 -1.422


-9.10888 -1.45087
-9.305 -1.2495


-9.10888 -1.45087
-8.91275 -1.65225


-8.91275 -1.65225
-9.146 -1.827


-8.91275 -1.65225
-8.6795 -1.4775


-8.6795 -1.4775
-8.811 -1.524


-8.6795 -1.4775
-8.548 -1.431


-8.96019 -1.96444
-9.10888 -1.45087


-8.96019 -1.96444
-8.8115 -2.478


-8.8115 -2.478
-8.988 -2.775


-8.8115 -2.478
-8.635 -2.181


-8.635 -2.181
-8.738 -2.169


-8.635 -2.181
-8.532 -2.193


-9.627 -2.09559
-8.96019 -1.96444


-9.627 -2.09559
-10.2938 -2.22675


-10.2938 -2.22675
-10.477 -2.718


-10.2938 -2.22675
-10.1106 -1.7355


-10.153 -1.3755
-10.251 -1.227


-10.153 -1.3755
-10.055 -1.524


-10.1106 -1.7355
-10.153 -1.3755


-10.1106 -1.7355
-10.0682 -2.0955


-10.0682 -2.0955
-10.27 -2.19


-10.0682 -2.0955
-9.8665 -2.001


-9.8665 -2.001
-9.893 -2.127


-9.8665 -2.001
-9.84 -1.875


-8.58866 -2.74734
-9.627 -2.09559


-8.58866 -2.74734
-7.55031 -3.39909


-6.582 -2.6025
-6.309 -2.781


-6.582 -2.6025
-6.855 -2.424


-7.24188 -2.47763
-6.582 -2.6025


-7.24188 -2.47763
-7.90175 -2.35275


-7.90175 -2.35275
-7.892 -1.959


-7.90175 -2.35275
-7.9115 -2.7465


-7.9115 -2.7465
-8.174 -2.889


-7.9115 -2.7465
-7.649 -2.604


-7.649 -2.604
-7.621 -2.739


-7.649 -2.604
-7.677 -2.469


-7.55031 -3.39909
-7.24188 -2.47763


-7.55031 -3.39909
-7.85875 -4.32056


-8.838 -3.717
-8.685 -3.447


-8.838 -3.717
-8.991 -3.987


-8.33288 -3.71775
-8.838 -3.717


-8.33288 -3.71775
-7.82775 -3.7185


-7.82775 -3.7185
-7.499 -3.663


-7.82775 -3.7185
-8.1565 -3.774


-8.1565 -3.774
-8.297 -3.765


-8.1565 -3.774
-8.016 -3.783


-7.85875 -4.32056
-8.33288 -3.71775


-7.85875 -4.32056
-7.38462 -4.92338


-7.672 -5.3295
-7.867 -5.379


-7.672 -5.3295
-7.477 -5.28


-7.38462 -4.92338
-7.672 -5.3295


-7.38462 -4.92338
-7.09725 -4.51725


-7.09725 -4.51725
-7.061 -4.728


-7.09725 -4.51725
-7.1335 -4.3065


-7.1335 -4.3065
-7.029 -4.179


-7.1335 -4.3065
-7.238 -4.434


-9.73464 -4.01326
-8.58866 -2.74734


-9.73464 -4.01326
-10.8806 -5.27917


-11.0518 -3.49819
-10.842 -3.438


-11.0518 -3.49819
-11.2617 -3.55838


-11.2617 -3.55838
-11.197 -3.741


-11.2617 -3.55838
-11.3264 -3.37575


-11.2845 -3.504
-11.272 -3.474


-11.2845 -3.504
-11.297 -3.534


-11.3264 -3.37575
-11.2845 -3.504


-11.3264 -3.37575
-11.3682 -3.2475


-11.3682 -3.2475
-11.39 -3.192


-11.3682 -3.2475
-11.3465 -3.303


-11.3465 -3.303
-11.356 -3.333


-11.3465 -3.303
-11.337 -3.273


-10.8 -3.96263
-11.0518 -3.49819


-10.8 -3.96263
-10.5482 -4.42706


-11.1325 -4.5705
-11.227 -4.539


-11.1325 -4.5705
-11.038 -4.602


-10.5482 -4.42706
-11.1325 -4.5705


-10.5482 -4.42706
-9.964 -4.28363


-9.7205 -4.6185
-9.765 -4.872


-9.7205 -4.6185
-9.676 -4.365


-9.964 -4.28363
-9.7205 -4.6185


-9.964 -4.28363
-10.2075 -3.94875


-10.2075 -3.94875
-9.884 -3.801


-10.2075 -3.94875
-10.531 -4.0965


-10.531 -4.0965
-10.377 -4.134


-10.531 -4.0965
-10.685 -4.059


-11.6919 -3.97219
-10.8 -3.96263


-11.6919 -3.97219
-12.5838 -3.98175


-12.299 -4.6095
-12.248 -4.596


-12.299 -4.6095
-12.35 -4.623


-12.5838 -3.98175
-12.299 -4.6095


-12.5838 -3.98175
-12.8685 -3.354


-12.8685 -3.354
-12.791 -3.81


-12.8685 -3.354
-12.946 -2.898


-10.8806 -5.27917
-11.6919 -3.97219


-10.8806 -5.27917
-10.0694 -6.58615


-9.7365 -6.03
-9.633 -6.09


-9.7365 -6.03
-9.84 -5.97


-9.93125 -6.00675
-9.7365 -6.03


-9.93125 -6.00675
-10.126 -5.9835


-10.126 -5.9835
-10.15 -6.165


-10.126 -5.9835
-10.102 -5.802


-9.27119 -5.81906
-9.93125 -6.00675


-9.27119 -5.81906
-8.61112 -5.63138


-8.8735 -4.995
-9.187 -4.944


-8.8735 -4.995
-8.56 -5.046


-8.61112 -5.63138
-8.8735 -4.995


-8.61112 -5.63138
-8.34875 -6.26775


-8.34875 -6.26775
-8.157 -6.618


-8.34875 -6.26775
-8.5405 -5.9175


-8.5405 -5.9175
-8.392 -6.009


-8.5405 -5.9175
-8.689 -5.826


-10.0694 -6.58615
-9.27119 -5.81906


-10.0694 -6.58615
-10.8675 -7.35323


-9.526 -7.9275
-9.539 -8.04


-9.526 -7.9275
-9.513 -7.815


-9.91425 -7.84875
-9.526 -7.9275


-9.91425 -7.84875
-10.3025 -7.77


-10.3025 -7.77
-10.463 -7.752


-10.3025 -7.77
-10.142 -7.788


-10.8675 -7.35323
-9.91425 -7.84875


-10.8675 -7.35323
-11.8208 -6.85772


-10.7975 -6.861
-10.481 -7.047


-10.7975 -6.861
-11.114 -6.675


-11.1866 -6.47119
-10.7975 -6.861


-11.1866 -6.47119
-11.5756 -6.08137


-12.0608 -6.45225
-12.279 -6.489


-12.0608 -6.45225
-11.8425 -6.4155


-11.8425 -6.4155
-11.744 -6.489


-11.8425 -6.4155
-11.941 -6.342


-11.5756 -6.08137
-12.0608 -6.45225


-11.5756 -6.08137
-11.0905 -5.7105


-11.0905 -5.7105
-10.856 -5.58


-11.0905 -5.7105
-11.325 -5.841


-11.325 -5.841
-11.39 -5.748


-11.325 -5.841
-11.26 -5.934


-11.8208 -6.85772
-11.1866 -6.47119


-11.8208 -6.85772
-12.455 -7.24425


-12.455 -7.24425
-13.013 -6.741


-12.455 -7.24425
-11.897 -7.7475


-11.897 -7.7475
-11.641 -7.821


-11.897 -7.7475
-12.153 -7.674


-6.48264 -8.03681
-3.3427 0.830245


-6.48264 -8.03681
-9.62259 -16.9039


-9.62259 -16.9039
-8.463 -21.795


-9.62259 -16.9039
-10.7822 -12.0128


-10.7822 -12.0128
-10.851 -14.067


-10.7822 -12.0128
-10.7133 -9.9585


-12.4555 -10.0643
-11.819 -10.728


-12.4555 -10.0643
-13.092 -9.4005


-13.092 -9.4005
-13.167 -9.603


-13.092 -9.4005
-13.017 -9.198


-10.7133 -9.9585
-12.4555 -10.0643


-10.7133 -9.9585
-8.97119 -9.85275


-8.0215 -9.519
-7.336 -9.894


-8.0215 -9.519
-8.707 -9.144


-8.97119 -9.85275
-8.0215 -9.519


-8.97119 -9.85275
-9.92087 -10.1865


-9.92087 -10.1865
-10.455 -9.744


-9.92087 -10.1865
-9.38675 -10.629


-9.38675 -10.629
-9.391 -10.098


-9.38675 -10.629
-9.3825 -11.16


-9.3825 -11.16
-9.492 -11.247


-9.3825 -11.16
-9.273 -11.073


